# of pickup customers
20
# of delivery customers
20
# of customers
40
# of tasks
80
# DepotNum
4
# vehicles of depot
10
5
6
6
# stalls of depot
15
7
8
9
# package time
3.380
3.928
2.331
3.024
2.824
2.992
2.467
3.422
2.176
3.743
3.581
2.621
3.158
3.673
2.672
3.162
2.548
3.324
2.984
3.288
2.185
3.001
3.840
2.630
3.187
2.245
2.652
2.052
2.827
3.228
2.314
2.338
3.631
3.300
3.175
2.004
2.376
3.412
3.511
3.849
# Depot coordinate
47.265
-48.614
-72.758
-57.477
-37.588
192.264
91.733
0.524
# customer coordinate
142.725
63.243
32.883
24.813
-14.209
91.073
128.935
136.601
42.024
85.369
6.936
-26.778
-98.530
-83.008
-70.519
-85.517
-12.468
-48.640
-6.201
5.994
-19.355
-141.624
-52.181
-118.942
-51.975
-89.552
-29.018
-60.977
-72.216
-165.986
-34.363
-135.431
-123.825
-99.236
-96.302
27.958
-110.218
-2.252
-16.276
-25.213
-54.164
-2.411
-54.698
-22.639
-113.239
-53.758
-5.886
-33.168
-80.891
-5.108
150.117
208.715
245.669
207.602
97.780
177.894
158.932
109.380
276.596
210.505
68.355
42.543
61.123
71.957
99.486
33.243
169.013
136.578
112.392
68.295
33.764
-32.347
15.229
-68.978
-37.096
-37.375
-14.607
-74.080
-37.656
-3.692
# ENDDATA