# of pickup customers
24
# of delivery customers
11
# of customers
35
# of tasks
70
# DepotNum
2
# vehicles of depot
16
8
# stalls of depot
17
12
# package time
3.656
3.943
2.021
2.602
3.133
3.835
3.221
3.349
3.354
2.662
2.404
3.651
2.415
2.045
3.983
3.175
2.051
3.264
2.866
3.306
3.844
3.336
2.282
3.170
2.654
2.165
3.981
2.511
2.150
2.853
3.328
2.411
2.502
2.333
3.950
# Depot coordinate
-111.838
-165.001
31.634
-90.899
# customer coordinate
-72.634
-152.902
-100.160
-131.577
-39.238
-125.370
-16.523
-103.611
-94.105
-164.865
-70.513
-137.288
-60.433
-37.992
-87.854
-165.731
-113.383
-61.237
-143.375
-126.731
-234.535
-154.649
-177.759
-151.988
-199.006
-96.421
-185.563
-199.947
-157.218
-194.430
-216.613
-168.642
-169.707
-145.036
-239.948
118.164
3.037
67.703
-10.833
33.080
62.636
24.660
9.520
-24.011
110.299
47.147
41.023
4.221
54.255
23.715
62.587
-38.288
-30.641
-147.168
-70.759
-87.472
-113.728
-55.466
-46.634
-148.439
-37.051
-126.612
-110.995
-19.724
-72.676
-21.892
-166.110
3.538
-85.279
-108.073
# ENDDATA