# of pickup customers
16
# of delivery customers
28
# of customers
44
# of tasks
88
# DepotNum
3
# vehicles of depot
15
7
8
# stalls of depot
15
9
11
# package time
3.094
2.516
2.728
2.075
2.225
2.935
2.346
2.601
2.111
2.386
2.461
3.201
3.950
2.998
3.729
2.077
3.338
2.819
3.473
3.538
2.126
2.221
3.649
3.209
2.112
3.585
3.578
2.274
3.111
3.658
3.069
2.999
3.166
3.700
3.614
3.208
3.863
2.052
2.578
2.222
2.124
2.411
3.717
2.786
# Depot coordinate
143.924
3.736
-14.965
45.038
-35.889
66.864
# customer coordinate
150.393
175.627
129.626
119.803
85.261
57.040
75.709
212.919
103.449
169.545
125.248
156.031
222.313
220.050
89.750
68.417
-38.558
-12.904
68.317
-13.807
27.041
-13.508
62.967
18.994
-17.469
-85.113
-3.362
64.186
39.182
69.952
60.161
-60.928
-5.742
13.410
-66.742
-27.121
-58.880
-1.936
-5.518
33.950
-57.516
-39.969
10.600
-35.744
8.809
65.881
23.989
48.358
64.495
38.473
7.673
99.073
106.274
90.580
137.570
69.972
28.206
53.441
43.899
-92.381
-47.921
-59.686
-65.502
-103.650
-126.478
52.897
-2.619
-105.027
22.949
-27.615
-12.463
35.917
-103.197
-35.621
1.698
64.256
110.639
87.797
-5.303
92.148
35.564
160.069
39.241
19.553
108.301
58.666
21.030
30.607
# ENDDATA