# of pickup customers
22
# of delivery customers
16
# of customers
38
# of tasks
76
# DepotNum
3
# vehicles of depot
13
7
6
# stalls of depot
19
7
6
# package time
2.434
2.428
3.977
3.063
3.562
3.070
2.966
2.997
3.827
2.091
2.471
2.980
3.601
2.331
3.977
2.134
3.734
2.766
3.874
3.750
2.612
2.613
3.682
2.787
2.497
2.683
2.003
2.216
2.370
2.482
3.728
2.430
3.075
3.845
3.181
2.912
2.700
2.780
# Depot coordinate
76.474
-15.980
70.498
-36.671
-10.681
65.316
# customer coordinate
147.803
69.835
43.110
99.483
87.440
47.031
88.858
-8.439
35.337
55.334
-2.795
164.553
102.494
8.650
-114.137
-55.151
48.818
-79.762
-22.385
36.434
43.753
20.302
-52.714
-1.753
-44.900
51.016
-19.742
14.142
27.967
62.810
98.941
94.908
22.825
87.257
106.831
94.850
-1.191
66.784
21.610
-72.558
-54.679
46.248
-62.948
-110.377
-109.112
-20.065
-18.104
5.402
12.136
-30.365
-39.806
-5.441
-9.745
31.350
-45.105
49.844
17.081
-20.125
8.978
-42.886
-64.771
-83.869
-0.424
35.044
59.667
95.059
49.640
163.474
146.874
64.659
120.098
22.038
103.482
-5.493
19.659
-7.487
# ENDDATA