# of pickup customers
39
# of delivery customers
9
# of customers
48
# of tasks
96
# DepotNum
3
# vehicles of depot
13
10
9
# stalls of depot
13
13
14
# package time
2.608
3.781
3.754
2.648
2.467
2.599
3.570
2.394
2.335
3.390
2.828
2.631
2.812
3.429
2.893
3.084
3.524
2.472
3.869
2.004
2.083
2.208
2.066
2.415
2.146
3.284
3.410
2.600
3.892
3.189
2.410
2.500
3.032
3.091
2.918
3.578
3.843
3.053
2.138
2.930
2.687
2.624
3.797
3.249
3.167
3.973
2.107
3.479
# Depot coordinate
-6.835
136.355
-70.955
7.351
21.157
-127.840
# customer coordinate
-7.913
-59.917
43.644
49.671
-70.711
-16.011
54.521
-37.952
-53.291
-24.524
17.710
64.506
19.345
-89.834
29.217
-89.978
119.660
62.974
106.546
67.542
71.770
192.501
75.700
130.888
125.223
94.468
93.516
206.864
113.198
63.847
167.348
158.977
-71.587
1.300
1.089
-119.819
-35.094
-51.949
-58.628
-67.532
-44.656
-96.418
-123.825
-85.233
-20.554
-52.096
-144.942
-152.909
-16.148
70.266
-62.889
-39.546
42.126
38.684
25.513
61.750
-3.088
-90.449
-82.137
61.839
45.288
14.332
-1.783
49.121
47.917
19.885
76.987
-6.751
-54.693
3.128
44.046
-27.493
-0.984
-48.393
5.982
-48.607
16.387
72.126
76.115
-8.970
-159.719
-63.521
-184.865
-161.699
-153.906
-216.228
-76.934
-101.690
-120.605
-153.481
-123.860
-35.214
-51.995
-43.563
-86.918
-165.045
# ENDDATA