# of pickup customers
37
# of delivery customers
22
# of customers
59
# of tasks
118
# DepotNum
2
# vehicles of depot
21
19
# stalls of depot
21
23
# package time
2.753
3.102
3.275
3.187
3.816
3.791
2.469
3.573
2.915
3.882
2.528
2.485
2.876
3.779
2.023
2.807
2.692
2.444
2.303
3.916
3.861
2.763
3.597
2.719
2.491
2.236
3.594
2.582
3.290
3.390
3.329
2.287
2.715
3.201
3.151
2.903
2.739
3.179
3.167
3.694
2.521
3.238
2.833
3.465
3.197
3.782
3.477
2.021
3.109
2.284
3.770
3.874
3.859
3.339
3.479
3.055
2.235
2.682
3.597
# Depot coordinate
-122.506
-15.368
-89.205
88.306
# customer coordinate
-30.939
-132.891
-55.360
-176.798
-79.536
-101.742
-115.336
-112.696
-116.389
-55.325
-84.580
-104.730
-130.204
-104.660
-69.981
-170.800
-190.161
-68.867
-201.345
-205.532
-155.219
-89.355
-175.497
-35.000
-164.438
-139.422
-133.398
-199.849
-90.647
-152.608
44.273
-35.934
-26.282
-90.265
18.507
29.366
36.327
-22.393
-92.161
76.041
-59.948
-83.391
0.786
-95.970
17.934
-71.128
-54.226
-19.177
80.187
26.545
-69.184
61.745
-21.438
-45.827
53.843
-52.372
7.480
-72.725
-16.471
-109.108
-137.659
-37.436
-59.249
-118.796
-95.792
-177.726
-152.899
-9.470
-139.085
-51.321
-133.430
-110.400
-51.096
-88.848
-85.590
-41.564
-172.416
-116.521
-87.816
-58.916
-15.671
-147.301
-71.317
-108.248
6.180
-28.617
-151.605
-152.037
-165.410
134.711
85.743
57.714
44.458
112.235
75.329
99.649
11.010
67.301
116.580
162.438
116.449
124.711
99.407
9.341
23.727
99.731
116.553
67.057
47.134
76.838
36.037
161.483
135.652
60.783
31.065
55.585
146.083
37.686
# ENDDATA