# of pickup customers
7
# of delivery customers
31
# of customers
38
# of tasks
76
# DepotNum
2
# vehicles of depot
14
12
# stalls of depot
17
14
# package time
3.897
2.374
2.654
3.437
2.695
2.478
2.047
3.169
2.479
3.968
2.640
3.898
3.845
2.657
3.986
2.846
3.449
2.065
3.139
2.513
3.773
3.032
2.886
3.653
3.084
3.749
2.310
3.666
2.273
3.724
2.289
3.568
3.213
2.360
3.243
3.752
3.585
2.133
# Depot coordinate
-105.759
-13.855
34.847
87.922
# customer coordinate
-126.125
-71.802
-123.687
-64.368
-100.275
-92.205
-126.554
-101.542
-124.687
-156.360
-20.388
-142.776
-62.898
-122.763
-91.891
-39.601
-70.293
-177.668
-154.984
-46.052
-95.288
62.067
-49.767
-8.913
-16.335
-51.473
-95.233
65.953
-21.917
21.948
-39.632
-14.951
-20.828
-1.032
-75.871
-72.333
27.599
7.272
84.873
127.521
128.055
75.939
70.009
9.046
21.562
-25.040
-2.528
33.601
64.137
110.654
-2.465
48.799
-55.069
76.992
42.750
-23.101
-3.393
141.495
49.677
145.560
172.400
19.440
119.632
88.570
110.554
101.923
68.998
95.169
111.285
46.731
146.595
177.758
81.073
153.617
122.139
141.752
# ENDDATA