# of pickup customers
38
# of delivery customers
3
# of customers
41
# of tasks
82
# DepotNum
4
# vehicles of depot
11
5
6
6
# stalls of depot
12
7
9
6
# package time
2.628
3.843
3.157
2.926
3.907
3.149
2.356
3.262
2.601
3.603
3.056
3.482
2.914
3.238
2.565
2.328
2.851
3.791
2.086
3.939
2.016
3.064
3.707
3.125
3.406
3.909
2.426
2.453
3.516
3.664
2.162
2.064
3.170
3.280
2.448
3.115
3.989
3.737
2.329
2.270
2.168
# Depot coordinate
56.881
86.018
-66.616
95.877
4.630
120.324
-77.404
-93.613
# customer coordinate
130.644
120.635
-10.390
32.925
106.764
112.606
6.955
37.688
-15.446
83.803
0.917
86.640
51.903
5.747
177.210
83.237
107.680
110.030
141.516
47.567
153.129
36.916
-110.514
-57.699
-90.416
-110.259
-127.715
16.908
-120.160
-8.956
-3.976
-144.202
-85.211
94.597
107.488
172.836
186.453
130.390
159.392
65.632
31.474
66.375
2.951
-27.716
-81.319
-44.981
23.761
-0.311
32.464
-47.756
65.044
73.082
92.625
87.880
109.528
96.727
151.710
138.326
107.155
72.217
124.600
137.803
41.529
-117.906
-138.004
16.081
-87.547
-76.870
-112.178
-2.896
-154.912
-19.802
-28.919
-7.990
-117.570
-51.169
-56.143
-128.924
-112.224
-28.977
-23.792
-94.491
# ENDDATA