# of pickup customers
15
# of delivery customers
28
# of customers
43
# of tasks
86
# DepotNum
3
# vehicles of depot
13
7
9
# stalls of depot
17
9
11
# package time
3.024
3.143
3.372
3.404
2.509
2.486
3.899
2.568
3.801
2.369
3.218
2.306
3.797
2.712
3.438
3.915
3.715
3.732
3.117
2.639
3.608
3.921
3.355
2.992
3.767
2.885
3.906
2.544
2.038
3.463
2.353
2.297
3.939
2.092
2.964
2.060
3.180
2.527
2.514
2.286
3.458
3.873
3.632
# Depot coordinate
32.319
-113.269
-106.404
37.889
-102.344
155.415
# customer coordinate
110.107
30.753
11.281
52.025
88.494
75.409
99.851
69.364
-27.091
83.456
31.157
21.894
-13.617
13.625
-41.055
-185.811
-79.262
-55.941
-64.533
-161.616
-165.805
-99.972
-93.266
-165.883
-22.707
-128.152
-60.042
-134.871
-125.118
-99.513
-118.173
-107.874
-33.721
-58.012
-76.915
-94.574
-53.554
-142.085
-77.569
-141.691
-174.285
-85.557
-138.735
35.248
0.169
29.221
97.814
-31.007
78.361
77.380
-15.500
85.341
21.814
-21.061
75.939
-1.066
51.577
104.882
-131.554
-11.925
-36.056
-89.886
-129.601
-162.246
-73.572
-178.569
-94.094
-77.099
-74.719
-156.115
-115.179
-144.917
-7.436
181.247
100.431
107.213
180.926
246.599
180.459
156.801
212.521
160.387
137.956
165.909
110.114
163.080
# ENDDATA