# of pickup customers
21
# of delivery customers
51
# of customers
72
# of tasks
144
# DepotNum
2
# vehicles of depot
29
19
# stalls of depot
35
21
# package time
2.460
2.095
2.839
3.639
3.763
2.716
3.571
3.000
3.320
2.412
3.105
2.479
3.024
2.617
3.530
2.169
2.167
2.853
2.179
2.341
2.440
2.542
2.133
2.779
3.411
3.265
2.474
3.779
3.599
2.657
3.380
3.223
2.257
3.545
2.622
3.126
3.473
2.891
3.045
2.817
3.322
2.913
3.711
3.915
3.706
3.852
3.109
2.133
3.895
2.688
3.788
2.542
2.905
2.482
3.870
3.821
3.177
3.149
2.806
3.597
2.643
3.168
2.576
3.113
2.183
2.603
3.681
3.700
2.077
2.323
2.794
2.498
# Depot coordinate
27.228
136.706
153.516
-144.630
# customer coordinate
52.729
30.182
-11.070
-44.634
38.613
11.165
-9.393
-2.892
10.359
48.072
91.870
14.890
68.830
-4.742
102.132
-48.417
19.160
56.546
33.786
-51.370
15.356
79.190
-24.874
74.335
-30.691
-64.666
88.592
16.810
63.380
-2.223
-13.088
-28.340
8.667
69.875
116.303
-27.378
137.204
168.772
69.812
185.426
167.483
46.585
163.223
124.991
113.648
168.229
176.144
139.597
204.014
193.573
92.922
97.987
117.272
75.479
103.141
114.183
158.273
204.611
69.265
137.686
66.587
57.061
139.792
235.765
143.288
85.887
205.498
138.511
183.427
102.959
123.898
113.597
162.319
60.004
137.910
187.592
110.709
247.366
106.365
183.522
126.678
190.331
89.405
171.814
147.329
222.597
183.521
125.940
98.560
244.088
131.257
160.037
225.558
223.911
182.896
193.766
212.256
181.232
130.857
194.720
61.235
157.806
79.539
120.404
63.077
94.755
168.621
159.109
-124.264
-107.246
-160.859
-211.258
-182.725
-181.474
-217.356
-232.654
-157.860
-144.111
-80.035
-189.303
-112.574
-64.119
-168.239
-57.789
-120.356
-129.249
-199.892
-96.809
-50.908
-154.859
-186.032
-166.241
-101.330
-144.146
-103.180
-131.430
-210.203
-94.472
-185.698
-66.939
-130.860
-235.704
-49.973
-179.541
# ENDDATA