# of pickup customers
7
# of delivery customers
25
# of customers
32
# of tasks
64
# DepotNum
4
# vehicles of depot
9
4
5
4
# stalls of depot
11
4
6
6
# package time
3.454
2.925
3.845
2.923
3.279
3.645
3.939
2.239
3.144
3.252
3.448
3.014
3.409
3.768
2.900
3.466
3.478
2.985
2.596
2.985
3.719
3.271
2.228
2.021
3.393
2.704
2.304
2.438
2.906
3.201
2.301
3.029
# Depot coordinate
-19.368
27.021
-50.145
37.882
95.471
20.338
181.093
-59.519
# customer coordinate
-35.704
-61.951
-94.677
-90.568
24.414
-36.461
65.590
37.646
94.046
-17.559
105.910
5.052
5.798
73.645
57.536
-58.978
-31.811
-85.229
-44.668
-127.492
-92.080
-91.345
-29.076
-63.148
68.249
49.037
82.761
90.222
-34.503
-19.770
-20.496
99.256
157.767
108.599
135.360
100.601
48.137
63.523
61.930
89.718
-10.098
-34.874
-28.661
-1.164
-29.412
70.379
-65.842
16.146
205.926
184.247
134.405
200.312
224.332
90.237
180.140
98.078
-49.422
-130.696
-93.147
-23.037
-83.793
-11.441
-119.497
-114.009
# ENDDATA