# of pickup customers
33
# of delivery customers
13
# of customers
46
# of tasks
92
# DepotNum
2
# vehicles of depot
20
11
# stalls of depot
20
15
# package time
2.837
3.228
3.803
2.786
3.504
3.452
2.953
3.180
2.746
2.529
2.365
3.337
3.968
2.665
2.771
3.589
3.771
3.284
3.901
2.178
3.769
2.216
3.392
3.827
2.447
3.852
3.938
3.117
2.877
2.253
2.433
2.429
3.086
2.846
2.611
3.057
3.450
3.709
2.066
2.405
2.968
3.940
3.679
3.714
2.401
3.057
# Depot coordinate
152.289
4.440
76.278
27.787
# customer coordinate
97.742
180.140
181.234
176.408
115.744
206.744
126.114
98.603
213.987
170.211
77.211
190.193
106.774
119.186
137.173
76.865
215.239
148.858
223.086
71.391
171.128
217.635
148.218
92.036
33.118
31.753
-55.012
-32.171
-10.142
-45.054
-8.234
-49.422
63.606
-25.988
37.344
35.561
81.382
-36.027
-8.354
79.153
13.493
60.889
9.017
-8.374
23.618
-9.631
141.129
98.008
162.144
-9.872
12.887
40.518
55.084
50.051
124.730
133.348
97.217
27.617
88.028
126.269
145.380
55.141
69.503
117.694
18.841
32.325
58.972
92.642
33.808
16.426
97.408
-43.590
53.107
7.853
41.840
35.419
-14.312
-13.823
-32.979
85.246
67.956
11.448
71.302
-63.644
74.625
38.102
106.151
103.594
49.141
121.639
-12.446
99.718
# ENDDATA