# of pickup customers
7
# of delivery customers
18
# of customers
25
# of tasks
50
# DepotNum
2
# vehicles of depot
11
6
# stalls of depot
11
7
# package time
2.753
2.053
2.231
3.348
2.404
2.339
3.619
3.883
2.717
2.753
2.353
2.281
3.453
2.357
3.057
3.281
2.285
3.353
3.822
3.114
2.269
3.177
2.107
3.633
3.376
# Depot coordinate
8.763
-165.952
-69.757
-57.345
# customer coordinate
-21.819
23.136
70.391
-77.170
48.153
103.386
34.257
21.504
46.536
50.287
-28.411
-48.046
75.664
-231.911
-114.434
-166.919
-211.003
-162.271
-231.427
-161.079
-262.221
-96.874
-214.729
-127.964
-205.332
-121.686
-11.094
-75.671
-105.658
-7.999
-40.723
-106.788
-132.601
-34.623
-78.604
-71.552
-21.961
-104.590
-118.593
-13.342
-33.968
-64.277
24.744
-11.998
-127.192
-32.386
-80.092
19.587
-134.030
-37.054
# ENDDATA