# of pickup customers
33
# of delivery customers
26
# of customers
59
# of tasks
118
# DepotNum
4
# vehicles of depot
17
8
8
7
# stalls of depot
20
11
10
11
# package time
3.040
3.726
3.999
2.568
3.883
2.281
2.096
3.158
3.416
2.269
2.771
3.947
2.556
3.130
3.635
2.441
3.366
2.741
2.296
2.537
3.619
2.798
3.708
3.723
2.376
3.848
3.296
3.292
3.117
3.640
3.851
3.599
3.263
3.521
3.875
3.153
3.824
3.184
3.846
2.689
2.504
2.735
2.267
3.535
2.337
2.567
3.218
3.503
3.484
3.829
2.624
2.654
2.258
2.957
2.216
3.580
2.450
3.237
2.962
# Depot coordinate
59.077
-190.743
23.092
70.427
109.042
-30.586
34.404
-100.521
# customer coordinate
122.807
35.544
-31.519
58.983
95.692
20.670
22.245
49.805
81.218
119.062
42.889
10.533
88.158
10.325
148.824
-228.191
-166.988
-161.189
-184.042
-192.390
-183.688
-228.901
-231.831
-156.969
-99.927
-158.621
-150.056
-135.680
-248.268
-140.084
3.668
21.312
50.471
79.327
49.067
11.873
9.256
100.017
59.012
14.108
-9.895
81.982
100.202
-13.683
-32.744
146.191
102.129
125.156
92.613
43.051
54.379
49.781
78.785
22.195
112.834
55.507
-0.905
47.777
18.123
108.164
149.375
84.859
190.729
171.289
181.136
43.422
134.755
56.155
38.163
20.785
74.019
110.448
108.102
124.153
-31.243
37.569
-70.635
-55.415
-98.700
2.192
19.707
-52.358
-92.862
-5.694
56.802
-0.611
-33.686
-100.852
-73.323
-11.093
-21.147
-12.541
0.261
32.822
16.643
66.311
48.680
83.833
126.405
28.051
39.358
25.149
57.041
114.340
-103.803
-176.936
-36.354
-118.823
-146.022
-182.954
-5.979
-5.936
-132.719
-82.320
-125.964
-111.808
-99.485
-81.790
# ENDDATA