# of pickup customers
30
# of delivery customers
63
# of customers
93
# of tasks
186
# DepotNum
2
# vehicles of depot
39
23
# stalls of depot
50
29
# package time
3.955
2.281
3.867
3.027
2.716
2.727
2.608
3.191
2.032
2.016
3.253
3.640
3.110
2.099
3.209
2.473
2.604
2.098
3.119
3.674
2.668
2.081
2.159
2.702
2.070
2.021
3.408
3.327
3.136
3.075
3.357
3.194
3.481
3.785
2.270
2.161
2.308
2.607
3.884
3.171
2.699
3.428
3.221
2.458
3.012
3.449
2.293
3.557
3.804
2.131
3.972
3.900
2.630
3.053
3.801
2.022
3.257
2.686
2.443
2.580
2.022
3.278
2.156
2.925
3.367
2.227
3.503
2.134
3.041
3.271
2.273
2.419
2.042
3.112
3.810
2.982
2.310
3.201
3.640
3.785
2.938
2.073
2.338
2.722
2.190
2.594
3.498
3.224
2.377
2.210
2.763
2.529
3.529
# Depot coordinate
161.564
109.841
61.024
-94.143
# customer coordinate
203.692
224.310
70.507
201.521
129.169
77.694
204.183
242.440
136.869
101.116
113.442
182.999
95.902
100.810
170.679
207.738
140.192
124.878
147.415
179.923
179.335
221.460
117.076
227.885
161.649
156.548
83.706
157.771
237.952
196.666
115.439
195.747
223.461
232.157
152.255
92.577
149.010
130.923
139.782
231.807
178.431
119.666
176.731
87.215
252.695
181.745
241.673
112.783
79.360
53.714
133.988
142.113
170.473
100.366
77.798
98.497
134.765
95.038
193.235
71.762
167.037
117.617
62.463
128.858
114.626
138.848
14.507
130.109
72.297
57.681
50.949
85.001
89.588
139.330
48.806
179.002
155.593
204.005
97.009
59.065
153.934
121.863
25.528
180.184
193.970
25.043
103.444
133.806
190.597
170.453
18.215
156.267
117.242
-28.441
-9.142
35.197
104.571
112.996
69.927
70.909
52.940
71.670
126.839
15.565
48.543
-5.511
74.774
88.565
146.753
48.714
139.269
1.026
145.268
-3.731
36.156
49.226
134.209
-31.513
28.536
17.405
121.962
7.171
29.113
94.579
8.347
65.103
84.709
150.346
100.990
93.443
27.148
-19.276
105.961
107.156
-28.650
25.834
46.811
78.754
70.048
28.680
-58.373
-104.920
-163.602
-124.755
-18.857
-135.292
-156.239
-57.745
-75.296
-148.944
-47.222
-53.906
-84.786
-88.883
-12.950
-135.449
-41.350
-190.069
-91.375
-82.863
-174.080
-181.623
-48.801
-96.020
-128.922
-1.854
-64.043
-116.665
-155.070
-42.945
-95.926
-20.499
-11.933
-118.993
-76.370
-133.423
-69.888
-140.285
-63.796
-120.996
0.760
-116.184
-22.116
-112.687
-163.405
-137.280
# ENDDATA