# of pickup customers
50
# of delivery customers
16
# of customers
66
# of tasks
132
# DepotNum
2
# vehicles of depot
22
22
# stalls of depot
23
33
# package time
2.343
3.287
2.963
2.974
2.048
3.169
3.595
3.508
2.608
2.376
2.628
3.992
3.255
3.372
2.723
3.589
3.856
3.432
2.438
3.142
2.661
2.850
3.360
2.782
3.894
3.791
2.042
3.713
3.653
2.395
3.683
2.670
3.321
3.681
2.755
2.360
3.901
2.893
3.011
2.901
3.312
2.553
2.296
2.742
3.260
3.202
2.574
3.235
3.755
3.291
3.425
3.921
3.635
3.122
2.728
3.237
3.689
2.226
2.252
2.649
3.750
3.501
3.848
3.350
2.692
2.702
# Depot coordinate
-118.933
-18.619
-120.635
-4.399
# customer coordinate
-143.889
-155.914
-114.657
-134.354
-51.180
-84.388
-116.755
-81.905
-91.843
-186.627
-166.281
-106.055
-191.849
-173.624
-69.558
-150.106
-28.423
-121.522
-185.661
-42.954
-197.495
-95.773
-27.020
-133.366
-29.545
-81.622
-128.128
-125.290
-63.874
-83.032
-175.402
-64.984
-114.707
39.414
13.413
-65.604
2.552
-45.505
18.672
-84.753
25.504
-0.398
-22.183
-25.374
-42.390
48.964
-91.935
0.925
-91.402
-73.351
3.070
12.955
-50.986
59.084
-43.335
-78.583
-18.790
57.763
-13.670
-3.919
47.788
-116.353
-25.366
68.991
-58.314
-99.756
-126.209
-162.238
-90.968
-107.073
-165.744
-68.777
-143.052
-131.005
-99.564
-85.937
-72.427
-40.098
-153.749
-118.053
-181.393
-86.902
-120.069
-163.966
-50.130
-140.115
-103.273
-146.105
-157.237
-25.916
-83.258
-35.430
-209.117
-60.350
-72.816
-206.319
-190.550
-50.994
-183.380
-33.132
-40.677
-3.003
48.459
-72.082
-95.886
67.223
33.469
-64.907
-27.047
26.675
-95.241
-4.099
0.130
16.445
-65.104
-53.695
-17.513
73.591
-52.780
-52.643
1.536
-21.593
-52.866
55.258
-87.207
89.916
23.617
-21.333
88.105
13.674
35.258
42.865
# ENDDATA