# of pickup customers
1
# of delivery customers
53
# of customers
54
# of tasks
108
# DepotNum
2
# vehicles of depot
20
16
# stalls of depot
20
19
# package time
3.990
2.429
2.885
2.319
3.754
2.022
2.483
3.093
2.713
3.370
3.629
3.406
3.736
3.918
2.183
2.974
2.947
3.029
2.677
3.654
2.796
2.295
2.179
2.609
3.932
2.363
3.052
3.782
2.822
2.056
3.873
2.766
3.657
3.781
2.059
3.882
3.342
3.360
2.414
3.402
2.239
3.355
2.938
2.724
3.299
2.860
3.890
3.546
2.037
2.426
2.710
2.546
2.037
2.767
# Depot coordinate
9.412
-77.149
3.625
-21.295
# customer coordinate
61.082
-30.707
105.412
34.314
79.807
-25.380
83.119
7.613
-40.226
46.841
-16.094
-45.513
27.169
-72.341
-27.300
-3.602
37.599
-18.079
74.805
11.898
79.452
-14.960
48.007
-45.025
-12.952
10.696
57.071
-123.422
-164.638
-18.003
-35.648
-117.430
-106.890
-66.537
-15.036
-62.172
-115.919
-107.392
-100.608
-52.367
-136.030
-146.522
-18.503
-141.435
-149.481
-77.437
-75.544
-77.223
-31.733
-35.983
-45.849
9.920
-92.162
-57.675
10.088
25.510
6.464
4.503
-15.954
80.901
-43.967
99.404
-13.461
78.511
60.053
-48.250
-18.240
50.322
-35.281
-16.014
39.903
1.659
70.943
-75.687
44.324
38.638
-62.987
57.377
-53.744
55.653
-11.775
-13.055
-20.261
33.672
-45.278
23.258
45.579
-111.300
-77.055
-41.316
-50.516
-70.936
-14.343
-6.400
-98.108
22.383
-4.289
-48.250
-79.965
57.281
2.242
-72.679
16.930
54.722
-89.592
1.146
26.125
46.107
# ENDDATA