# of pickup customers
14
# of delivery customers
36
# of customers
50
# of tasks
100
# DepotNum
4
# vehicles of depot
14
6
6
8
# stalls of depot
16
6
7
8
# package time
3.794
2.467
2.962
2.925
2.562
2.257
2.196
2.392
3.987
3.007
3.686
3.366
2.744
3.388
2.911
3.943
2.908
3.454
2.466
3.356
2.595
3.926
3.882
2.268
2.212
2.128
2.421
2.311
2.878
2.802
3.660
2.085
3.797
3.953
3.282
3.692
2.390
3.692
3.150
2.490
3.764
3.935
2.063
2.035
2.857
2.640
3.761
2.991
3.567
3.018
# Depot coordinate
94.969
-19.439
171.851
-75.312
-0.504
8.872
-29.449
-53.242
# customer coordinate
23.457
159.986
113.749
115.383
92.348
97.915
72.020
101.466
43.348
128.149
28.610
94.712
159.418
59.487
-14.709
-40.168
-97.400
33.257
-7.031
26.722
9.032
-101.469
9.573
2.926
40.513
74.638
213.187
150.590
98.500
169.840
193.023
263.772
146.554
110.288
221.060
77.249
124.071
110.931
150.110
-127.300
-118.827
-25.193
-28.638
-66.409
-99.439
-44.331
-29.204
-149.690
-110.734
-122.580
-0.000
-60.666
11.899
-43.233
-49.451
-28.014
-12.671
-71.125
16.678
-94.058
65.221
22.708
-25.528
-34.689
-69.261
20.437
0.782
-2.390
-28.733
-35.692
69.447
-48.196
17.678
44.210
51.517
-21.509
-71.738
29.235
7.917
11.859
-53.300
6.973
-70.488
33.396
35.278
-50.171
-15.489
-60.918
-44.095
-80.924
-12.226
-14.718
-128.594
-6.249
-37.290
-112.046
-50.285
-36.183
-63.966
14.924
# ENDDATA