# of pickup customers
44
# of delivery customers
7
# of customers
51
# of tasks
102
# DepotNum
2
# vehicles of depot
17
17
# stalls of depot
21
25
# package time
3.595
3.244
3.135
3.737
3.368
2.758
2.677
3.666
3.811
3.828
3.633
2.521
3.000
3.684
3.662
3.181
2.937
3.167
2.250
2.144
2.066
2.164
2.397
2.072
3.368
3.257
3.034
3.356
2.081
3.964
2.151
3.701
2.008
3.436
2.687
3.951
3.210
2.947
2.435
3.283
3.183
3.473
2.341
3.087
3.575
3.379
3.590
3.827
3.928
3.494
3.857
# Depot coordinate
10.263
169.807
-2.932
-86.450
# customer coordinate
-59.910
56.317
-69.973
-5.207
9.510
81.611
-43.952
-17.888
35.081
-53.024
7.097
66.738
68.928
43.151
107.581
24.525
29.035
-31.183
71.859
48.272
78.506
20.760
-18.051
-43.162
79.189
-20.074
214.012
182.409
159.230
130.838
224.057
213.137
206.024
150.034
133.062
187.347
218.265
235.950
104.774
159.088
87.755
206.661
207.818
125.309
264.779
212.386
165.880
247.245
151.447
188.348
113.179
-53.095
-43.281
25.164
85.297
-37.253
18.218
66.827
5.863
26.313
-10.288
36.296
-10.792
-61.947
-0.727
-2.131
-60.858
-26.792
-13.705
67.983
-91.662
43.369
72.512
48.269
-69.224
-38.945
27.267
-147.899
-44.609
-49.011
-42.793
-26.511
-115.111
-43.576
-132.395
-79.828
-101.664
-91.668
-50.169
-131.587
-5.023
-71.311
-65.605
-14.707
-144.199
-112.170
-172.808
-119.689
-80.701
-70.105
-126.281
-83.788
# ENDDATA