# of pickup customers
28
# of delivery customers
14
# of customers
42
# of tasks
84
# DepotNum
2
# vehicles of depot
16
12
# stalls of depot
24
13
# package time
2.986
2.285
3.238
3.594
2.557
3.077
3.409
3.359
2.207
2.059
3.832
2.682
2.631
2.503
3.888
3.363
3.051
2.210
2.008
3.635
2.015
2.815
2.669
2.018
3.621
2.001
2.781
3.767
2.050
3.871
3.298
3.110
2.105
3.571
2.600
3.632
3.000
2.057
2.162
2.940
2.687
3.900
# Depot coordinate
-91.740
-170.606
64.553
-64.767
# customer coordinate
-107.162
-52.586
-38.009
-66.469
-66.645
-92.009
-155.966
-115.566
-87.121
-124.835
-143.187
-93.408
-40.615
-105.826
-174.780
-115.994
-57.579
-159.317
0.200
-13.304
-136.950
-157.504
-244.790
-199.567
-135.722
-201.207
-168.515
-240.432
-139.913
-167.576
-100.675
-114.113
-188.974
-137.266
-217.216
-197.295
-205.660
-265.006
-255.642
-116.966
-92.239
-78.895
85.711
32.474
60.672
155.104
101.239
38.835
81.010
18.089
99.210
152.525
41.160
120.499
82.104
-17.999
96.093
56.248
9.067
2.759
96.262
49.257
12.326
-87.705
-41.993
-73.764
-5.700
-43.762
-104.652
-22.205
-60.562
-29.939
-97.506
-113.134
-23.856
-105.208
-87.052
-143.051
-119.436
-55.657
-114.621
-54.295
-25.319
-85.408
# ENDDATA