# of pickup customers
47
# of delivery customers
4
# of customers
51
# of tasks
102
# DepotNum
4
# vehicles of depot
13
7
6
8
# stalls of depot
17
8
7
11
# package time
2.966
2.782
2.675
2.920
3.448
3.213
2.079
2.990
2.104
2.047
3.005
2.628
2.734
2.187
3.724
2.459
2.048
3.437
2.569
2.743
3.731
2.398
3.575
2.355
2.836
3.036
2.080
2.789
2.716
3.171
2.869
2.181
2.972
3.867
3.674
2.537
3.099
3.089
2.628
2.188
3.916
3.315
3.040
2.038
2.586
2.138
3.760
3.357
2.535
3.327
2.860
# Depot coordinate
5.452
91.397
-12.610
-113.987
121.222
143.343
14.202
123.340
# customer coordinate
2.601
26.420
73.720
76.231
-19.597
-32.916
-84.287
-30.404
68.300
58.976
-45.041
29.013
-54.547
117.496
31.191
58.688
61.191
132.994
116.209
111.296
184.929
91.419
32.352
-6.658
135.277
20.345
-53.848
-22.004
63.851
43.608
39.358
23.160
-27.120
36.739
-55.087
22.890
-103.741
-60.630
-36.895
-149.477
-111.787
-147.566
-74.805
-126.325
-72.294
-78.963
-161.575
-190.721
-64.308
-106.041
-20.990
32.787
106.575
67.328
116.425
125.603
168.679
155.940
147.793
196.755
171.497
104.936
155.176
185.604
129.799
157.341
100.558
126.855
112.407
85.134
166.748
162.358
222.910
196.504
127.136
186.700
132.657
60.664
-29.332
70.858
72.256
-37.313
68.016
34.543
29.634
-39.813
-7.342
-10.219
-11.660
-1.509
68.244
92.314
39.451
205.738
188.670
63.414
178.581
114.014
178.444
112.421
180.879
132.145
# ENDDATA