# of pickup customers
29
# of delivery customers
31
# of customers
60
# of tasks
120
# DepotNum
2
# vehicles of depot
21
19
# stalls of depot
22
28
# package time
3.310
3.490
3.879
2.916
3.400
2.863
2.211
2.884
3.413
3.429
2.032
2.481
2.863
3.235
2.701
2.433
3.947
3.582
2.057
2.437
2.514
3.510
3.441
2.742
2.285
3.893
3.476
2.284
2.246
3.872
2.986
3.139
2.679
2.625
2.908
2.762
3.345
2.967
3.670
3.054
3.817
3.180
2.837
3.159
2.056
3.579
3.416
2.886
3.965
2.486
3.664
3.572
2.379
2.307
3.807
3.935
3.907
2.552
3.548
3.869
# Depot coordinate
43.629
-86.535
22.877
-107.508
# customer coordinate
16.709
-11.194
76.283
-46.839
67.471
-36.209
83.515
107.560
88.798
19.306
123.829
43.564
28.240
-21.218
33.072
63.639
62.130
22.942
87.836
75.438
-8.509
126.191
110.586
89.402
64.703
0.432
21.135
-15.578
-34.121
66.780
-44.480
-94.164
-60.828
-148.181
-122.399
-79.904
-108.746
-61.695
-45.198
-185.011
-38.571
-127.205
-25.922
-70.547
-159.461
-66.575
-16.629
-131.281
-138.225
-10.568
-181.283
-106.672
-2.227
-47.186
-111.133
-146.370
-36.561
5.987
-78.427
-156.010
71.606
-42.615
108.863
52.724
-10.927
-28.830
68.003
48.816
33.764
101.053
14.979
81.943
-64.765
81.242
-3.437
-44.443
55.002
21.355
-23.211
-66.147
12.974
59.026
-17.125
-1.683
20.004
-12.857
42.125
56.340
11.464
87.222
-143.964
-87.102
-60.106
-167.345
-113.366
-155.060
-132.102
-117.985
-164.338
-108.029
-43.432
-64.714
-103.327
-174.578
-134.784
-138.965
-156.763
-179.977
-83.089
-85.529
-135.804
-13.285
-62.970
-86.479
-170.411
-58.091
-190.367
-125.077
-18.380
-108.886
# ENDDATA