# of pickup customers
17
# of delivery customers
34
# of customers
51
# of tasks
102
# DepotNum
3
# vehicles of depot
13
11
10
# stalls of depot
20
16
15
# package time
2.024
3.112
3.661
3.297
3.097
2.987
2.519
2.355
2.124
3.602
3.374
2.774
3.789
3.256
3.949
2.259
3.580
2.241
3.053
2.591
3.533
2.281
2.397
3.251
3.202
2.740
3.024
2.711
2.164
2.646
3.065
3.470
3.610
2.135
3.519
2.956
2.181
2.455
2.707
3.914
2.546
2.578
3.354
3.599
3.220
2.786
3.547
3.354
3.101
2.370
3.471
# Depot coordinate
45.822
-57.773
-189.027
-76.295
-145.937
43.979
# customer coordinate
91.376
10.155
68.643
17.634
74.134
128.341
-1.050
26.267
99.988
31.033
50.815
-4.055
59.286
100.443
0.277
39.846
-19.062
-1.248
-18.225
-146.072
-10.729
-107.001
-81.562
-89.864
33.965
-33.826
-63.193
-136.390
-32.554
-45.996
-51.389
-99.146
-21.022
-64.721
-153.293
-178.724
-269.306
-206.410
-271.926
-234.561
-146.653
-117.658
-251.158
-229.066
-177.607
-136.408
-208.791
-180.586
-204.600
-213.869
-142.892
-31.812
-133.211
-68.765
10.371
-102.483
-79.481
-74.855
-94.463
-76.880
-122.340
-162.196
-15.678
-125.465
-129.819
-42.049
13.608
-97.856
-87.820
-189.246
-176.862
-135.158
-173.392
-217.686
-58.765
-169.404
-131.777
-194.101
-99.688
-89.403
-168.215
-223.362
-142.438
-156.990
-115.065
115.546
14.890
7.296
70.204
61.073
70.471
48.818
-23.210
39.439
-12.038
-11.440
66.252
110.761
88.492
-39.174
89.832
-21.241
# ENDDATA