# of pickup customers
2
# of delivery customers
42
# of customers
44
# of tasks
88
# DepotNum
3
# vehicles of depot
11
9
10
# stalls of depot
13
9
11
# package time
2.253
3.035
2.729
2.859
2.139
2.553
3.600
2.843
2.569
3.283
3.118
2.726
3.240
2.280
2.972
2.648
2.411
2.572
3.600
2.885
2.670
3.831
3.052
2.038
3.641
3.383
3.003
2.112
2.655
2.279
3.914
3.701
3.668
2.700
3.944
2.944
2.339
2.864
3.248
3.792
2.494
3.206
3.644
2.516
# Depot coordinate
-96.437
132.238
48.176
88.983
-50.423
25.736
# customer coordinate
-33.567
-54.505
-75.978
-8.152
-84.271
-34.236
-119.887
-179.863
-82.341
-110.264
-21.927
-165.008
-117.056
-131.928
-88.634
167.710
93.887
146.489
99.490
174.686
118.268
59.725
84.041
48.836
126.749
91.535
134.940
84.068
118.591
75.196
110.288
63.684
-35.202
3.434
14.464
51.029
-9.050
29.828
141.911
93.320
23.273
106.060
-0.406
11.930
12.687
47.624
95.396
106.629
62.860
128.623
78.211
96.713
154.783
149.624
60.319
134.665
34.848
146.264
115.742
-51.295
-82.296
-65.057
-59.410
-75.916
-28.761
-53.421
-21.963
-84.922
-94.813
-122.366
-14.141
33.027
33.880
-2.349
50.449
78.735
-20.122
-1.266
-20.618
47.615
-46.431
77.135
9.414
67.413
33.883
18.302
30.941
-58.035
# ENDDATA