# of pickup customers
23
# of delivery customers
3
# of customers
26
# of tasks
52
# DepotNum
2
# vehicles of depot
12
6
# stalls of depot
17
8
# package time
3.702
2.708
3.597
3.035
3.813
2.636
2.990
3.339
3.409
3.164
3.367
3.289
3.675
2.958
2.553
3.297
3.185
3.908
2.005
3.901
3.107
3.906
3.799
2.210
3.515
3.782
# Depot coordinate
33.780
-138.314
-183.365
-94.834
# customer coordinate
45.371
-1.712
70.974
-24.506
5.689
97.055
-21.140
114.858
70.347
-48.082
120.327
4.428
45.751
-213.899
-166.765
-64.367
-128.868
-113.417
-71.292
-66.424
-205.044
-206.947
-111.621
-160.835
-187.199
-202.728
-136.594
-200.608
-157.151
-160.875
-169.805
-117.470
-250.959
-132.162
-193.497
-133.090
-152.926
-123.954
-228.768
-133.694
-48.046
-92.927
-55.343
-102.312
-37.660
-124.031
-152.826
-101.219
-43.436
-123.871
-59.983
-29.704
# ENDDATA