# of pickup customers
15
# of delivery customers
26
# of customers
41
# of tasks
82
# DepotNum
3
# vehicles of depot
11
9
8
# stalls of depot
17
10
8
# package time
3.937
2.834
3.495
3.799
2.136
3.579
3.141
2.187
2.278
3.610
2.266
2.760
3.406
2.611
2.547
3.443
2.023
3.268
3.765
2.222
2.155
2.923
3.909
2.294
2.093
3.872
2.279
3.051
2.584
3.233
2.586
3.368
3.450
3.316
2.528
3.935
2.060
3.697
2.387
3.370
3.050
# Depot coordinate
-67.957
-38.078
90.088
107.132
0.473
48.659
# customer coordinate
-97.449
-78.746
-4.664
-37.380
-26.896
-65.784
-87.364
-113.973
-42.741
-115.516
-134.629
-41.092
-87.327
13.629
-111.191
3.129
-2.459
-58.533
-53.734
18.842
15.384
-30.064
-85.683
-7.474
-4.604
-25.788
-118.135
-69.081
32.086
83.990
40.502
90.357
57.130
45.540
28.999
58.218
70.239
131.313
105.656
124.905
108.693
125.155
64.984
89.541
93.524
24.408
170.175
186.605
158.120
150.672
26.069
155.008
122.116
98.430
127.871
-22.159
-68.158
1.627
28.561
-50.236
13.319
-33.481
-19.572
-83.797
49.376
-18.433
17.055
11.720
-36.775
39.600
-30.121
115.212
78.085
-4.733
-27.289
94.391
88.505
43.780
97.518
1.875
45.616
-18.163
# ENDDATA