# of pickup customers
8
# of delivery customers
40
# of customers
48
# of tasks
96
# DepotNum
4
# vehicles of depot
10
6
8
8
# stalls of depot
15
7
12
11
# package time
3.459
2.848
2.042
3.416
3.756
3.706
2.109
2.916
2.727
2.337
2.114
2.418
2.037
3.982
3.314
2.295
3.814
2.697
3.758
2.041
3.998
3.727
3.982
3.374
3.731
3.447
2.432
3.350
2.491
3.088
2.729
3.064
2.350
2.860
2.958
3.664
3.952
3.478
2.807
2.181
2.520
3.560
2.036
3.572
2.495
3.949
2.695
3.500
# Depot coordinate
155.700
76.101
28.098
-104.164
-43.647
63.871
-59.783
115.376
# customer coordinate
136.158
189.506
177.879
93.108
215.103
212.788
151.016
165.534
186.435
192.920
205.615
224.273
97.320
159.954
6.956
138.340
72.843
115.325
84.172
77.367
120.000
54.611
33.784
28.173
67.304
64.660
-8.159
26.142
107.064
68.203
29.305
-42.497
-15.891
7.401
105.726
43.567
-133.599
-198.462
-75.635
-164.286
-22.277
-99.154
-87.466
-178.246
-122.286
-38.491
-61.117
-73.903
-63.737
-127.390
-99.319
4.450
5.296
-20.348
-22.509
-70.239
-22.635
-43.985
-104.692
-74.655
79.898
58.950
102.648
95.177
89.105
114.510
-19.198
129.878
147.928
-21.544
22.784
109.643
-100.458
-137.231
4.864
2.631
-45.556
-13.701
-121.990
-26.491
-71.754
-65.809
-79.699
-29.596
118.949
116.329
140.980
107.971
127.792
182.554
87.016
55.243
97.543
72.799
110.726
197.577
# ENDDATA