# of pickup customers
13
# of delivery customers
23
# of customers
36
# of tasks
72
# DepotNum
3
# vehicles of depot
9
7
8
# stalls of depot
13
11
10
# package time
3.258
2.567
3.956
2.472
2.194
2.280
2.930
2.977
3.273
2.625
2.924
2.306
2.231
2.426
2.107
2.942
2.499
2.820
2.833
2.331
3.527
3.818
2.804
3.161
3.486
2.272
3.868
2.879
2.023
3.946
2.518
3.535
2.481
3.988
2.602
2.943
# Depot coordinate
105.295
0.337
27.700
-61.321
0.211
-176.595
# customer coordinate
185.175
60.233
117.839
82.315
200.964
83.341
150.073
95.965
102.277
35.449
47.543
130.900
73.700
-40.553
-28.447
38.963
77.016
-7.873
55.354
19.698
20.183
-7.532
-35.989
51.060
36.295
34.802
70.311
32.678
57.599
-62.213
-41.351
38.991
-34.265
66.319
-7.984
108.288
-67.186
14.825
-34.062
-57.425
-33.858
-105.873
-39.963
-40.018
-85.892
-35.457
-121.440
-83.216
-13.660
-3.921
-25.560
-79.805
22.824
-67.403
67.897
-66.335
-14.019
27.968
19.411
29.139
-213.550
-157.252
-89.455
-261.181
-194.458
-213.198
-202.990
-110.683
-146.581
-172.018
-243.799
-177.917
# ENDDATA