# of pickup customers
43
# of delivery customers
6
# of customers
49
# of tasks
98
# DepotNum
4
# vehicles of depot
13
6
6
8
# stalls of depot
16
9
7
10
# package time
3.062
2.896
2.338
3.558
3.623
2.421
2.398
3.339
2.817
2.980
2.170
2.659
2.830
3.890
2.460
3.398
3.629
3.810
3.459
2.150
3.554
3.907
3.123
2.604
3.020
3.617
2.327
3.353
3.172
2.262
2.023
2.117
3.184
3.290
2.306
3.058
3.146
2.799
2.721
3.220
2.570
3.307
2.389
3.260
3.825
2.728
2.806
3.648
2.608
# Depot coordinate
112.172
5.551
51.723
-117.537
109.359
20.634
-50.936
159.523
# customer coordinate
141.679
183.630
123.660
146.726
46.813
197.934
108.740
77.790
44.159
116.320
50.891
140.134
132.204
-42.118
75.018
26.765
60.581
46.293
25.581
75.780
84.139
-64.707
23.385
-81.952
-1.814
-27.841
48.300
118.347
-24.537
86.955
31.056
38.396
10.084
84.443
-24.381
80.338
-35.513
62.315
12.313
-75.194
-35.492
-52.338
-24.972
-54.406
-72.041
-145.915
-114.971
-117.473
-173.454
22.662
60.743
79.241
138.601
113.678
151.526
155.743
111.907
80.415
190.071
53.301
50.760
157.698
-37.038
-22.544
15.214
55.911
89.144
-30.832
19.311
43.400
-14.475
71.951
22.713
-12.648
74.452
16.029
-0.322
1.163
37.525
-59.316
-89.230
-67.738
-64.930
-59.771
-142.898
-36.219
-81.395
-138.547
208.557
134.363
150.325
164.060
113.242
187.064
167.535
106.352
189.543
97.164
# ENDDATA