# of pickup customers
1
# of delivery customers
39
# of customers
40
# of tasks
80
# DepotNum
3
# vehicles of depot
12
9
6
# stalls of depot
12
12
6
# package time
3.276
2.206
2.623
2.021
2.902
3.217
3.155
2.014
2.988
3.174
2.545
2.732
2.055
2.876
2.751
2.261
2.914
2.844
3.664
2.501
2.535
2.804
2.912
3.820
3.174
3.578
2.531
2.671
3.546
2.097
3.528
2.466
2.182
2.227
3.890
2.205
2.110
3.104
3.013
2.977
# Depot coordinate
-65.346
106.336
-148.433
35.996
-155.706
-87.443
# customer coordinate
-65.167
-36.323
-65.542
-49.066
-34.723
-99.710
-116.335
-106.424
-85.373
-132.563
-8.079
26.714
-51.139
-84.644
69.488
83.170
145.822
112.476
127.768
88.556
83.100
131.221
138.227
10.566
62.712
111.095
160.915
136.299
-169.006
-96.374
-162.555
-156.734
-95.316
-121.978
-176.656
-161.628
-126.385
-127.461
-195.350
-160.686
72.366
32.498
-17.673
-3.496
73.659
14.204
-17.431
38.071
80.218
23.243
38.848
30.221
57.706
-9.537
-87.107
-123.384
-196.817
-70.422
-179.053
-66.701
-241.548
-122.832
-73.996
-162.438
-136.797
-193.280
-97.441
-152.402
-81.176
-78.688
-103.469
10.164
-145.545
-23.833
-35.039
-128.238
0.326
-106.143
-125.019
-53.838
# ENDDATA