# of pickup customers
55
# of delivery customers
33
# of customers
88
# of tasks
176
# DepotNum
2
# vehicles of depot
35
24
# stalls of depot
50
25
# package time
2.834
3.478
2.728
3.393
2.464
3.528
3.674
2.086
2.925
3.992
2.449
2.033
3.898
3.922
2.515
2.741
2.831
3.577
2.705
2.402
3.774
2.600
3.146
3.335
2.908
2.365
2.098
3.987
3.448
2.992
2.907
2.587
2.308
2.009
3.421
2.585
3.860
3.596
2.188
2.277
3.580
2.643
2.890
3.046
2.491
2.831
2.701
2.035
2.718
2.872
3.757
2.555
2.820
3.730
2.504
3.851
3.579
2.454
3.383
3.053
3.954
2.917
3.915
3.079
2.410
2.178
2.669
3.101
2.170
2.584
2.873
2.528
2.743
2.039
2.974
2.330
3.964
2.878
3.109
3.437
2.971
2.750
2.174
3.856
2.207
2.665
2.944
2.695
# Depot coordinate
-32.812
-143.902
-1.176
24.122
# customer coordinate
9.740
-115.703
-26.366
-57.853
-44.153
63.324
-91.480
-73.688
-46.326
44.070
-22.392
-28.432
-75.823
-8.994
-26.478
7.098
-56.977
-74.174
22.424
9.875
-96.833
-56.959
33.082
-26.292
-125.540
40.343
-4.368
39.780
-85.724
-92.683
-114.357
-44.069
9.453
5.510
-1.313
20.116
-46.214
-43.747
-78.900
-107.054
-53.550
-118.863
20.219
57.991
-168.318
-171.735
-72.095
-196.666
-153.210
-160.067
-59.137
-194.343
-93.699
-112.698
-133.709
-203.918
-109.501
-173.235
-76.148
-176.741
-174.663
-91.793
-60.502
-125.628
-62.169
-153.307
-237.414
-222.270
-220.355
-141.617
-77.432
-206.894
-116.170
-123.618
-116.056
-119.995
-48.361
-220.668
-83.557
-136.722
-184.592
-144.175
-199.578
-110.569
-158.539
-243.156
-87.941
-209.185
30.410
-36.534
78.562
34.457
56.716
-2.022
10.032
-18.411
-43.773
-13.038
-43.725
33.059
47.658
50.607
-67.662
-10.205
73.211
-57.897
70.612
-33.477
-11.156
-5.256
-58.565
-21.957
8.944
46.514
-82.872
21.211
-75.005
-45.474
28.897
-93.336
-54.671
88.310
12.525
-79.856
97.575
17.033
82.735
59.540
-65.433
-14.275
12.742
-33.005
-29.442
63.313
-7.164
-32.966
-3.135
110.792
68.180
83.599
-17.858
71.013
48.768
44.944
-47.542
28.020
95.061
-8.826
-66.682
10.570
-29.669
-69.090
23.108
53.195
5.612
53.064
-36.722
-19.472
37.449
2.942
36.159
121.806
9.278
-16.358
47.892
24.541
-52.075
86.500
110.735
-54.759
21.876
100.503
88.362
24.984
55.331
98.871
# ENDDATA