# of pickup customers
35
# of delivery customers
6
# of customers
41
# of tasks
82
# DepotNum
2
# vehicles of depot
14
14
# stalls of depot
18
15
# package time
3.919
3.954
3.675
2.247
3.424
2.821
3.990
3.045
2.681
2.751
2.595
2.327
2.056
3.861
3.900
2.541
2.669
3.630
2.912
2.060
2.964
3.629
3.991
2.221
3.922
2.990
2.429
2.034
3.841
2.611
2.080
2.990
3.337
2.159
3.309
3.801
3.552
3.498
3.592
2.674
3.600
# Depot coordinate
6.355
-183.536
110.407
7.550
# customer coordinate
40.650
-39.965
-85.360
-15.865
49.454
-25.535
-82.543
27.795
25.806
-6.045
-28.984
61.403
40.709
6.541
32.884
-57.981
88.662
-55.934
54.946
89.477
-49.236
-182.905
-150.354
-246.663
-184.970
-241.578
-106.836
-199.232
-131.407
-142.429
-273.769
-138.832
-163.557
-234.965
-131.240
-143.661
-223.763
-208.936
-232.573
-211.755
-175.063
85.046
60.244
124.261
129.216
140.452
110.731
103.370
165.565
129.334
60.350
145.730
193.597
54.447
191.042
198.488
48.465
137.328
112.017
100.045
61.671
159.834
-70.516
12.078
72.584
-27.703
42.661
45.401
52.818
-13.195
-70.881
19.275
39.749
-30.410
-62.289
-39.580
70.507
-20.045
19.938
0.994
84.729
59.721
# ENDDATA