# of pickup customers
29
# of delivery customers
66
# of customers
95
# of tasks
190
# DepotNum
2
# vehicles of depot
34
30
# stalls of depot
51
43
# package time
3.559
3.624
3.536
2.860
3.946
2.417
3.807
3.027
2.389
3.341
3.103
3.184
2.656
3.093
2.747
2.480
3.425
3.452
2.577
3.767
2.098
3.715
3.727
2.977
2.278
3.570
2.555
2.972
3.984
3.409
3.879
2.196
3.496
3.236
3.829
2.019
3.312
2.195
3.736
3.262
2.365
2.458
3.306
2.760
3.977
2.214
2.911
2.375
3.761
3.302
3.668
3.570
3.473
3.750
3.296
2.520
2.060
2.250
3.071
2.436
3.322
3.232
2.010
3.632
2.955
2.474
3.575
2.452
3.799
3.287
3.959
2.563
2.291
3.256
2.557
2.901
2.248
3.148
3.553
2.355
3.111
2.522
3.377
2.558
2.370
2.955
3.892
3.752
2.270
3.327
2.599
3.876
2.132
2.083
2.549
# Depot coordinate
100.691
30.463
-20.285
155.014
# customer coordinate
118.750
42.923
167.853
30.279
61.570
60.251
128.760
119.281
120.146
25.070
7.237
55.348
98.080
72.007
144.017
143.020
191.463
145.675
79.178
34.563
127.386
148.934
186.871
122.867
103.449
55.016
114.316
162.198
158.998
87.669
126.040
103.449
84.819
164.960
85.734
185.923
79.402
125.973
52.696
30.797
67.288
111.260
50.423
14.611
6.247
96.724
184.617
23.575
7.090
65.358
54.353
-43.811
-64.533
32.600
86.533
-3.761
48.701
75.646
112.691
45.503
64.866
15.410
55.930
106.175
-42.843
12.020
71.497
38.524
-30.903
-38.563
21.941
-53.015
8.225
-20.778
115.624
112.941
85.483
-28.735
-17.091
69.536
-13.355
27.552
83.347
-6.387
5.543
-60.316
-6.815
88.300
100.129
-13.664
49.245
40.382
-17.662
94.673
-64.451
77.682
-81.064
-77.121
-14.658
-35.675
-58.777
-36.141
-55.082
-12.402
30.764
-25.759
26.293
57.557
-11.356
-8.185
-53.699
-23.997
60.760
12.103
5.494
32.905
-94.452
-2.918
55.830
-72.398
63.559
-116.835
-33.855
14.044
-97.781
-77.772
21.991
33.209
35.312
-42.500
-57.252
-72.020
10.856
-104.229
-43.765
44.790
-92.079
-12.801
2.643
-50.275
2.161
20.729
-68.671
186.343
194.667
100.144
136.639
157.596
131.245
81.615
157.578
249.385
162.730
99.899
186.176
81.264
222.115
142.930
141.797
169.645
125.435
222.688
209.444
121.272
210.011
97.332
106.652
71.537
175.060
165.257
209.939
197.332
91.728
198.677
121.629
226.983
77.305
137.176
91.453
249.307
181.258
132.696
112.467
178.384
110.140
162.987
60.039
72.874
226.319
130.956
# ENDDATA