# of pickup customers
20
# of delivery customers
8
# of customers
28
# of tasks
56
# DepotNum
2
# vehicles of depot
10
9
# stalls of depot
12
11
# package time
2.545
3.906
2.146
2.005
2.803
2.985
3.195
3.710
3.595
3.964
2.849
2.778
3.937
3.814
2.815
3.432
3.023
3.840
3.953
3.872
2.044
3.196
3.814
3.405
3.361
3.407
3.262
3.731
# Depot coordinate
-43.471
64.224
-39.818
-7.831
# customer coordinate
-30.877
-78.606
-120.402
8.560
-88.902
8.826
-61.256
-29.227
-69.523
-2.005
0.515
-19.283
-34.763
-100.559
80.962
132.309
35.395
75.394
146.889
40.134
133.300
88.638
89.123
46.342
66.701
35.577
71.172
120.671
-93.287
-95.416
-36.472
10.847
1.808
-29.663
-53.205
-117.759
-76.714
41.455
-10.696
-71.020
45.089
-105.359
19.652
-30.832
-6.587
75.257
27.933
-47.323
-0.940
-78.436
54.206
49.536
-45.339
71.473
42.071
-85.845
# ENDDATA