# of pickup customers
9
# of delivery customers
89
# of customers
98
# of tasks
196
# DepotNum
2
# vehicles of depot
42
24
# stalls of depot
42
25
# package time
2.861
2.056
2.070
3.041
2.022
3.045
3.212
3.291
3.072
2.050
3.155
3.841
3.555
2.779
2.656
2.847
2.644
3.325
2.321
3.937
3.301
3.147
3.308
2.877
2.055
2.642
2.401
3.679
2.009
3.678
2.938
2.088
2.719
2.852
2.334
2.980
3.774
2.242
3.722
2.739
2.380
3.714
2.578
3.446
3.035
3.526
3.838
3.070
2.145
2.313
3.644
3.239
3.233
3.850
3.495
2.903
3.305
3.930
3.390
2.171
3.056
2.954
3.009
3.098
2.435
2.462
3.511
3.109
2.252
2.793
2.417
3.198
2.419
2.023
3.884
2.780
3.070
2.123
2.892
2.314
2.537
3.607
2.234
2.162
2.040
3.125
3.847
3.747
3.873
2.513
3.768
3.269
2.649
3.032
2.523
2.059
2.642
2.220
# Depot coordinate
47.835
-113.775
40.737
-1.094
# customer coordinate
83.848
120.925
39.500
120.049
77.463
41.424
104.364
62.659
25.572
-28.530
110.642
102.823
38.299
22.635
51.537
7.035
27.191
0.077
60.215
5.400
-20.298
85.425
108.669
75.328
17.162
14.566
66.578
62.340
-51.288
-41.099
88.876
132.702
142.878
52.966
-9.147
31.811
92.437
2.880
-46.454
120.392
48.162
130.688
141.184
88.672
-21.776
144.923
-14.311
63.619
-16.084
-115.607
-39.695
-33.334
-75.786
-138.126
-211.149
-48.158
-61.693
-125.456
-176.594
-153.440
-185.349
-98.026
-126.038
-201.235
-92.297
-117.143
-65.891
-164.539
-131.851
-115.059
-187.692
-151.855
-95.904
-144.132
-161.988
-116.465
-186.738
-21.517
-80.804
-56.811
-94.722
-87.220
-193.587
-107.093
-159.704
-29.062
-50.897
-77.343
-54.582
-156.433
-196.760
-19.759
-84.608
-95.941
-143.012
-135.751
-60.149
-75.480
10.126
54.569
70.986
24.698
-39.943
114.837
112.558
57.047
94.882
23.418
76.039
-38.280
13.508
126.421
89.937
-47.333
-28.026
12.990
-4.617
84.547
60.744
46.439
3.571
89.399
43.314
-8.816
22.840
129.533
46.358
77.826
126.603
3.764
45.269
-41.474
114.009
-53.213
-19.110
-25.998
10.250
-20.532
-21.061
87.922
67.929
69.165
-3.958
20.531
41.603
107.619
92.593
-29.160
-18.273
13.393
-6.315
-44.926
-23.661
73.505
25.336
21.695
-40.831
7.130
-5.282
23.337
-67.073
8.923
-59.369
-88.497
-38.324
67.284
-9.736
76.134
50.803
-16.869
47.497
47.367
-77.253
43.160
-68.731
-36.403
-90.026
45.184
68.052
-31.694
30.713
94.811
30.025
36.956
-62.602
38.061
1.152
-54.068
-50.365
-10.240
88.251
-10.184
-84.241
70.161
-83.749
58.914
# ENDDATA