# of pickup customers
3
# of delivery customers
88
# of customers
91
# of tasks
182
# DepotNum
2
# vehicles of depot
31
30
# stalls of depot
41
38
# package time
2.838
2.650
2.716
3.218
3.334
2.064
3.022
2.850
2.979
2.832
3.413
2.391
3.402
3.775
3.457
3.019
3.367
2.025
2.708
2.009
2.594
3.851
2.786
3.582
3.440
2.998
3.058
3.116
2.185
2.068
3.596
2.324
3.384
2.663
3.961
3.154
2.993
3.853
2.343
3.393
2.350
2.542
3.644
2.458
3.228
2.956
2.440
2.380
3.045
2.761
3.663
2.868
3.913
3.911
2.667
3.974
3.910
2.650
2.286
3.488
2.093
3.791
3.215
3.436
3.615
3.075
2.819
2.563
2.545
2.480
2.248
2.597
3.776
2.608
2.359
3.781
2.511
2.835
2.234
3.102
3.281
3.109
3.469
3.447
2.704
2.685
2.054
3.861
3.702
2.169
3.539
# Depot coordinate
-8.662
-9.910
30.165
133.420
# customer coordinate
-49.958
41.493
-5.497
9.742
-44.811
-55.920
-73.468
56.576
2.026
12.646
-22.428
-17.507
65.117
-24.051
70.971
-68.806
37.000
-89.777
86.238
11.352
40.802
39.190
-48.868
-20.854
-31.252
-99.386
52.069
24.794
16.597
-32.629
-67.678
36.703
-47.040
21.011
-69.604
-35.035
40.302
-4.187
73.491
-78.189
-93.060
-28.658
62.794
78.870
16.662
-5.185
-52.643
-78.298
-8.847
2.568
-65.323
10.026
-14.938
32.160
-92.205
1.570
-26.441
7.562
27.994
-60.383
-74.592
-25.757
21.754
-45.875
-29.742
51.128
-20.123
-59.334
15.632
-83.085
74.579
-65.500
34.451
-85.940
60.173
23.623
-107.022
20.729
-20.672
-94.440
-63.833
28.250
50.115
88.368
-29.914
-99.073
74.669
87.132
-36.273
-49.294
-45.759
-59.386
63.756
82.825
12.278
122.420
1.632
51.835
43.810
57.451
-22.546
1.308
-67.096
-11.886
-18.833
15.116
75.521
1.166
24.246
60.794
35.334
-21.803
-52.536
24.848
117.926
73.266
-2.885
104.781
103.683
-49.955
-43.723
-31.911
25.748
-16.694
65.873
100.360
49.454
85.870
-10.168
84.311
-13.153
63.080
98.764
-35.284
34.876
124.158
-40.823
108.112
68.999
110.477
70.020
158.996
136.259
38.073
202.539
140.038
171.292
73.711
211.432
180.210
219.416
181.002
188.610
158.520
80.547
117.409
138.981
158.355
139.147
108.809
201.289
90.613
52.136
87.592
110.518
196.191
61.090
114.964
228.309
94.272
175.260
91.120
124.900
104.888
147.421
227.440
94.901
164.912
110.978
140.361
198.797
172.478
# ENDDATA