# of pickup customers
11
# of delivery customers
31
# of customers
42
# of tasks
84
# DepotNum
2
# vehicles of depot
17
11
# stalls of depot
17
14
# package time
3.927
3.795
3.190
3.371
2.442
3.910
3.063
2.862
3.528
2.676
2.990
3.972
3.768
3.920
2.037
3.131
3.047
3.531
3.340
2.668
2.080
2.131
2.789
2.559
2.221
3.468
3.840
3.080
3.009
2.254
3.888
2.598
3.562
3.607
3.820
2.864
2.186
3.482
2.659
2.869
2.760
2.271
# Depot coordinate
-35.738
25.137
44.987
-122.214
# customer coordinate
-71.398
-95.576
18.284
-8.010
-94.323
-47.351
-69.493
-17.641
-73.555
-75.055
-110.276
-65.916
-11.464
-56.151
-107.625
-51.717
-7.380
-55.099
-99.486
24.673
0.379
7.160
-59.348
71.193
27.515
-30.659
62.622
16.260
32.750
51.337
-16.810
75.940
-7.673
103.361
31.980
44.103
70.528
-6.791
116.571
36.708
13.974
40.375
112.308
39.826
82.476
56.380
-11.879
77.022
-32.763
32.718
22.658
68.255
24.973
0.731
-33.882
49.405
72.378
132.965
129.969
96.067
93.053
26.520
18.401
-99.235
-135.736
-206.658
-99.436
-80.962
-40.443
-163.600
-73.816
-121.541
-147.052
-55.371
-32.678
-104.788
-23.678
-176.807
-149.845
-126.873
-144.403
-219.553
-38.395
-139.774
# ENDDATA