# of pickup customers
35
# of delivery customers
10
# of customers
45
# of tasks
90
# DepotNum
4
# vehicles of depot
13
6
6
5
# stalls of depot
19
6
7
6
# package time
3.509
3.940
2.857
2.009
2.772
2.162
3.865
3.780
2.424
3.611
3.651
3.757
3.845
2.393
2.898
3.871
2.629
2.684
3.223
3.352
2.851
3.099
2.829
3.222
2.573
3.319
2.160
3.553
2.120
2.353
2.755
2.257
3.875
3.563
3.066
2.351
3.388
3.039
2.033
3.436
2.282
2.176
3.165
2.975
3.806
# Depot coordinate
-12.614
36.413
-65.827
141.017
15.928
156.874
-52.718
-23.920
# customer coordinate
-63.164
71.146
-35.958
-19.758
-48.976
31.972
-54.940
-20.120
29.314
-93.550
-21.794
-29.732
62.230
54.095
24.485
90.222
105.955
60.580
9.372
66.793
124.885
-28.655
-27.542
10.493
-52.075
-89.962
-148.269
-72.396
-48.376
-90.103
-107.623
-11.288
-123.617
-47.686
8.380
-34.940
43.559
87.107
172.454
64.371
164.080
84.825
57.677
120.451
105.303
-24.982
14.504
18.333
-37.560
-6.141
-17.230
105.953
106.749
-66.988
20.085
66.495
-66.773
151.183
124.780
195.106
180.523
213.259
177.164
154.653
203.401
175.862
148.185
229.617
245.590
-142.954
-147.137
-67.102
-15.370
-12.168
-75.912
-97.098
-49.168
-113.498
-79.853
-42.086
-100.553
-31.663
6.622
-14.970
-32.165
43.438
-86.546
-7.949
-30.751
-99.112
# ENDDATA