# of pickup customers
42
# of delivery customers
6
# of customers
48
# of tasks
96
# DepotNum
4
# vehicles of depot
13
6
7
6
# stalls of depot
18
9
9
6
# package time
2.117
2.226
2.295
2.515
3.830
2.709
3.281
2.315
2.527
3.716
2.959
2.176
2.677
3.006
3.911
3.030
2.576
3.243
3.036
2.907
3.148
3.612
3.398
3.142
2.038
2.221
3.006
3.479
3.448
2.804
2.156
3.642
2.340
2.813
2.265
2.586
3.994
2.208
2.323
2.699
2.020
3.809
2.676
2.987
3.993
3.712
3.118
3.784
# Depot coordinate
-90.556
81.656
41.352
14.289
42.706
-82.088
93.885
-8.046
# customer coordinate
-76.608
-136.596
-113.671
-93.669
-66.174
-7.706
-133.582
-59.661
-86.735
-122.625
-117.483
-172.588
69.263
117.366
129.285
110.163
24.458
58.005
118.775
48.562
115.059
76.028
160.093
55.147
70.096
21.127
80.982
55.700
35.266
-38.587
20.643
-40.799
60.065
97.239
23.601
-20.944
-7.860
49.412
46.216
33.583
-23.943
-57.971
96.780
-32.670
80.318
-1.762
13.052
-63.756
88.565
75.905
12.464
-8.918
43.281
26.002
40.270
-6.435
-49.857
120.420
83.634
92.704
-9.182
-47.424
-129.250
-110.832
-87.732
-107.287
-91.664
-28.555
-167.659
-179.951
-80.113
-176.611
29.302
67.126
166.063
118.108
132.703
38.549
44.450
106.238
174.702
92.593
176.010
82.022
-38.285
23.482
60.576
-15.673
22.370
-17.245
6.786
63.731
35.394
-73.366
-44.568
-39.355
# ENDDATA