# of pickup customers
32
# of delivery customers
5
# of customers
37
# of tasks
74
# DepotNum
3
# vehicles of depot
12
7
6
# stalls of depot
14
7
7
# package time
3.337
2.019
3.213
2.340
2.135
2.735
2.262
3.285
2.968
2.368
3.571
2.153
3.308
3.070
3.833
2.462
2.790
3.519
3.572
3.024
3.569
3.912
2.402
3.115
2.566
3.539
2.731
3.508
3.958
3.304
3.570
2.514
2.286
3.239
3.511
3.079
3.960
# Depot coordinate
15.928
182.395
75.891
-1.601
-2.660
154.653
# customer coordinate
22.485
58.042
-2.142
89.746
-14.184
29.995
24.405
60.744
-61.684
60.613
104.159
50.612
24.137
212.423
155.650
183.819
120.034
146.914
241.647
174.157
130.580
205.616
234.364
189.428
243.405
120.846
59.326
108.474
95.725
7.596
116.405
73.457
59.383
-16.214
42.040
98.420
133.612
69.336
-5.778
-40.799
-4.190
-16.413
-16.021
30.119
61.639
-3.788
15.129
28.263
-80.058
-35.213
48.369
-47.371
-59.527
17.554
0.478
67.015
54.038
-68.451
-10.676
-17.016
26.882
-43.050
-46.294
167.455
101.176
150.601
168.437
142.018
185.804
132.691
116.272
220.564
230.608
190.307
# ENDDATA