# of pickup customers
30
# of delivery customers
44
# of customers
74
# of tasks
148
# DepotNum
2
# vehicles of depot
31
19
# stalls of depot
34
23
# package time
3.061
3.473
2.621
3.795
3.121
3.649
2.650
3.269
2.966
2.723
3.104
3.199
3.029
2.255
3.138
2.222
2.978
2.716
3.806
3.156
3.268
2.669
2.280
2.902
3.459
2.954
2.776
3.968
2.975
2.792
2.968
2.511
2.433
3.874
2.955
3.199
2.447
2.005
3.696
3.052
2.437
2.153
2.329
3.346
3.555
3.242
2.873
2.887
2.217
2.135
2.220
3.883
3.928
2.211
2.376
2.977
2.986
3.638
3.214
2.523
3.522
2.233
2.551
2.636
3.357
2.438
2.551
3.290
3.492
3.393
2.365
2.883
2.082
2.302
# Depot coordinate
5.451
98.652
12.147
90.608
# customer coordinate
-40.309
-58.439
-10.487
-30.917
-54.332
-14.935
64.042
6.378
-54.386
-13.621
29.998
19.928
28.739
-78.068
60.949
-86.143
74.739
34.913
-60.608
67.459
78.639
52.211
39.190
-41.784
33.470
84.213
-12.679
13.504
-75.622
-61.106
12.237
50.827
14.656
-33.751
57.882
-12.212
-51.794
97.007
70.601
176.627
96.864
158.377
184.474
149.788
65.210
130.233
121.304
37.161
73.327
11.364
73.152
121.232
27.297
19.083
91.488
23.489
108.266
78.698
100.258
177.133
133.393
132.299
63.345
161.651
178.465
158.466
81.683
52.369
121.661
38.384
6.902
145.805
30.750
98.785
-67.373
-1.147
38.981
10.650
35.826
-58.672
-51.415
-8.685
-29.847
74.248
23.024
76.377
-5.512
52.392
23.999
3.086
-5.209
-77.335
76.404
54.213
-31.068
89.735
63.803
-12.415
-35.192
70.041
-23.016
-43.759
-36.559
-61.225
96.026
-2.273
36.051
100.026
-29.085
-86.023
57.315
49.110
65.852
121.875
22.367
28.766
72.536
98.988
149.504
72.039
-5.292
106.544
45.038
97.611
106.451
46.786
50.223
150.122
132.254
25.252
113.124
0.900
70.303
91.445
138.295
168.004
15.138
77.627
148.651
143.715
175.823
125.778
90.285
167.108
122.052
49.147
86.196
0.107
# ENDDATA