# of pickup customers
13
# of delivery customers
20
# of customers
33
# of tasks
66
# DepotNum
3
# vehicles of depot
11
5
6
# stalls of depot
16
5
8
# package time
2.471
3.901
3.421
3.288
2.575
2.686
2.335
3.795
3.268
3.592
3.759
3.372
3.583
3.590
2.813
2.104
2.917
3.105
3.906
3.069
3.289
3.620
2.843
2.579
3.378
3.157
3.262
2.995
3.763
2.136
3.860
3.659
2.165
# Depot coordinate
-3.963
19.221
-178.097
14.272
108.190
-62.140
# customer coordinate
88.623
-8.016
53.457
58.461
-72.780
-33.736
-26.138
21.319
-41.939
-30.324
25.551
88.032
-14.215
24.459
90.960
60.874
53.174
15.242
-26.580
-5.858
45.925
-32.797
-123.957
-229.683
-190.425
-147.588
-115.482
-216.179
-155.704
-128.142
-147.103
-208.188
-106.248
-6.198
-13.277
80.549
48.271
21.969
50.860
17.356
91.735
-64.284
-44.419
-12.993
39.486
195.997
25.880
66.389
139.521
49.971
77.852
41.279
33.650
180.126
111.274
-20.010
-34.330
-110.720
-91.751
-40.076
-147.879
-116.547
-138.125
-38.069
-55.625
-99.140
# ENDDATA