# of pickup customers
90
# of delivery customers
5
# of customers
95
# of tasks
190
# DepotNum
2
# vehicles of depot
36
28
# stalls of depot
54
35
# package time
2.204
2.527
3.960
3.007
3.955
3.182
3.680
2.576
3.452
2.975
2.817
2.289
2.866
2.273
2.382
3.726
3.715
2.646
2.092
3.167
3.798
2.797
2.913
3.753
3.059
2.276
3.017
3.353
2.385
2.089
3.096
3.774
2.113
3.587
3.173
2.715
2.551
3.352
3.364
3.393
2.237
2.078
3.553
3.616
3.877
2.150
2.808
2.400
3.475
3.594
3.002
3.254
2.808
3.872
3.830
3.505
2.368
3.780
2.246
3.330
2.624
3.543
3.967
3.935
2.372
3.289
3.500
2.572
3.677
3.523
3.268
3.670
3.845
3.585
3.907
2.879
3.285
3.558
2.953
2.181
2.532
2.025
3.405
3.440
3.218
3.516
3.088
2.189
2.273
3.031
2.004
3.969
2.116
3.726
2.700
# Depot coordinate
1.792
95.658
100.353
-75.686
# customer coordinate
-53.839
40.681
28.336
54.919
-3.825
-29.367
-22.882
-24.199
66.299
-83.164
-5.533
-75.111
13.102
-44.127
-4.750
25.750
26.751
69.067
-69.551
50.444
-8.291
-65.912
89.045
45.506
81.020
69.960
18.927
-47.314
-35.612
65.629
58.059
-43.796
14.518
-49.259
16.138
79.089
-51.060
38.353
-76.430
-7.958
86.678
46.461
28.487
-67.595
13.894
36.711
-7.235
-95.731
114.481
179.682
84.633
114.384
96.288
130.135
136.209
123.928
148.548
158.185
91.119
63.372
67.705
67.812
36.870
153.602
3.212
105.959
43.610
118.883
25.611
68.552
17.202
168.200
57.447
52.675
190.275
28.648
81.451
181.875
137.807
42.842
163.855
111.118
146.491
87.018
55.940
86.358
146.116
23.743
172.818
104.122
3.014
108.777
81.535
62.540
121.517
146.319
14.057
166.150
163.132
165.488
29.303
151.752
92.415
110.697
95.411
33.878
114.777
183.192
178.362
78.407
127.607
78.235
148.397
37.215
44.512
130.419
59.143
112.401
113.431
45.913
27.885
38.089
87.833
62.450
75.344
129.886
117.931
59.156
42.026
4.799
93.946
16.724
61.359
150.914
194.288
66.237
86.503
98.296
80.408
147.069
187.692
57.743
122.425
-44.470
-52.668
-95.874
-112.117
-53.351
-20.542
-116.019
-64.254
-89.996
-58.568
-122.583
-127.942
-163.238
-40.235
-137.805
-130.968
-61.777
-157.598
-35.083
-89.580
-110.968
-64.833
-90.981
-31.200
-106.189
-82.668
-71.187
-53.212
8.197
-106.043
-148.171
-8.592
-10.316
0.439
6.545
-142.363
11.586
-172.922
-40.226
-31.092
-83.394
-23.946
-113.147
23.180
-12.940
-20.795
-135.356
# ENDDATA