# of pickup customers
62
# of delivery customers
17
# of customers
79
# of tasks
158
# DepotNum
2
# vehicles of depot
33
20
# stalls of depot
49
23
# package time
3.124
2.366
3.754
2.538
2.676
3.275
2.147
2.024
3.258
3.528
3.066
2.056
2.033
2.288
2.374
3.509
2.565
2.815
2.443
3.244
3.562
2.458
3.510
2.061
2.659
2.864
3.804
3.277
3.207
2.397
2.846
2.701
3.497
2.727
2.917
3.905
2.413
3.191
2.687
3.790
3.405
2.097
2.159
2.496
3.886
2.268
3.891
2.500
3.660
3.760
2.060
3.374
3.189
3.851
3.075
3.558
3.599
2.100
3.268
3.929
2.168
2.598
3.761
2.429
2.479
2.937
2.974
2.075
3.762
2.182
3.616
2.975
2.805
3.755
2.186
2.879
3.581
3.286
2.229
# Depot coordinate
-5.672
-89.700
18.542
-84.244
# customer coordinate
-36.953
-23.455
-0.414
-90.739
29.376
-33.582
-88.934
-8.672
63.278
-48.524
73.994
-19.616
30.839
9.015
15.863
-40.425
58.419
-62.772
41.396
-63.507
-86.188
-21.789
-76.465
68.043
28.034
89.636
41.013
15.012
-78.746
-4.167
-30.212
-56.998
41.946
-17.719
-54.590
75.028
2.679
-30.846
-36.277
2.506
-120.230
-58.228
-90.594
-158.967
-135.893
-148.312
-89.541
-44.010
-14.069
-114.310
-146.647
-85.588
-111.925
-28.968
-118.321
-134.611
-58.113
-86.309
-37.923
-44.709
-96.064
-69.791
-2.229
-62.113
-27.648
-56.764
-168.480
-145.338
-167.115
-23.542
-110.629
0.211
3.615
-135.206
-172.255
-141.298
-75.202
-67.848
-77.778
16.012
-9.208
53.059
-16.092
-38.800
-48.327
15.778
-22.753
17.495
37.762
52.950
69.542
71.722
-0.788
37.472
89.765
81.277
4.769
40.437
98.558
-38.889
-70.246
39.250
-24.510
13.254
25.164
-5.889
100.080
84.600
-51.280
115.296
67.777
-69.308
94.813
-19.374
-5.021
-79.560
50.030
-28.218
75.538
-50.805
-132.851
-59.544
-141.549
-86.238
-105.084
-173.027
-67.947
-74.236
-31.009
-21.051
-120.055
-142.490
-94.212
-123.267
-156.799
-110.878
-36.820
-129.488
-165.471
-3.100
-76.379
-103.733
-56.080
-29.964
-27.318
-25.727
-55.291
-78.451
-49.997
-85.347
-124.108
-51.182
-0.574
-112.728
-125.773
9.634
-173.144
-155.034
# ENDDATA