# of pickup customers
9
# of delivery customers
55
# of customers
64
# of tasks
128
# DepotNum
2
# vehicles of depot
22
21
# stalls of depot
33
32
# package time
3.554
2.742
2.875
3.299
3.118
3.498
2.646
3.756
3.209
3.462
2.116
2.402
2.347
2.836
2.139
3.664
3.589
2.239
2.826
2.210
3.398
2.544
3.836
2.585
3.425
2.454
3.798
3.230
3.469
3.460
2.059
2.074
3.962
2.343
3.795
3.404
3.504
2.937
2.352
3.983
3.628
3.669
3.502
3.054
2.933
2.934
3.839
3.292
2.030
3.473
2.482
3.634
2.264
3.824
3.585
3.855
2.125
2.732
3.268
3.128
3.209
3.654
3.799
3.600
# Depot coordinate
-18.916
100.183
1.964
-123.556
# customer coordinate
50.141
-10.400
-39.182
46.406
63.611
-105.684
-20.492
-59.312
-48.693
-28.438
-52.526
11.024
20.638
-55.337
-63.011
-32.026
-24.096
-91.028
-26.305
49.060
43.889
8.001
2.742
-3.780
-52.872
9.100
39.377
-82.064
47.882
5.779
19.984
-45.080
187.628
37.362
123.871
102.561
130.463
138.104
66.721
51.748
146.598
42.501
74.271
127.113
168.974
96.525
121.343
84.031
166.206
193.232
6.979
86.551
148.791
42.354
98.533
49.890
77.699
188.593
123.577
15.193
164.363
74.266
117.776
85.312
-50.238
-25.501
69.244
74.772
45.070
8.352
-70.284
20.041
-5.481
36.234
-53.334
22.413
-16.733
94.285
74.561
-16.570
-44.846
45.689
-93.371
6.575
-21.677
0.661
-54.771
50.249
-76.708
89.265
26.547
-5.149
-71.451
-75.723
-36.847
48.822
-135.352
-98.313
-110.356
-58.396
-34.499
-126.018
-159.960
-114.667
-86.324
-187.199
-128.189
-183.903
-110.528
-190.180
-217.707
-215.283
-69.711
-88.608
-116.240
-145.379
-107.654
-163.357
-163.520
-42.931
-61.139
-163.225
-158.498
-158.808
-187.774
-188.411
-86.873
-107.857
# ENDDATA