# of pickup customers
26
# of delivery customers
49
# of customers
75
# of tasks
150
# DepotNum
2
# vehicles of depot
28
22
# stalls of depot
31
33
# package time
3.076
2.589
2.867
3.672
2.522
3.334
2.703
3.521
3.964
3.804
2.875
2.673
3.204
2.099
2.068
2.738
2.079
3.750
2.649
3.411
2.367
3.156
2.816
2.028
2.673
2.472
3.271
2.161
3.100
3.412
3.621
2.483
2.373
2.400
3.545
2.238
2.017
2.649
2.744
2.224
3.976
3.290
3.165
2.701
3.861
2.233
2.521
3.968
3.119
2.484
2.813
3.190
3.841
3.322
3.554
3.068
3.193
2.194
2.100
3.082
2.559
3.884
3.774
2.146
3.954
3.850
3.259
2.551
3.760
3.588
2.092
3.518
2.061
2.252
3.636
# Depot coordinate
110.927
-28.464
-3.532
53.629
# customer coordinate
125.393
204.092
108.685
188.047
157.668
62.881
128.946
51.217
43.145
149.931
117.551
105.470
96.258
86.593
154.433
175.195
194.632
86.787
30.052
134.190
74.485
94.825
20.555
147.647
155.869
186.836
148.425
104.941
36.543
51.916
125.255
85.445
179.136
64.270
80.858
159.802
33.822
125.139
28.525
-63.481
25.307
-52.308
46.399
-16.428
14.059
-11.116
46.831
-30.160
-93.745
7.651
-96.310
-42.283
-105.817
-47.172
-78.941
-93.946
-49.527
-80.252
-14.536
-69.901
-11.935
-12.330
-121.939
-35.402
-75.584
-7.057
67.593
40.685
-117.750
-5.845
3.903
18.208
17.671
-117.951
-102.895
-65.621
-17.028
64.133
-36.686
-2.854
-30.151
6.165
21.014
65.314
-77.268
35.870
-29.059
-89.915
24.154
-25.009
66.602
36.769
56.129
-47.114
88.723
-73.317
84.467
5.984
58.260
-45.183
-5.923
19.565
-52.517
-12.724
-73.653
-21.995
-29.274
-75.101
58.251
-7.602
39.579
35.736
-44.077
69.170
39.960
2.324
85.641
111.032
76.010
41.819
-38.218
34.660
27.724
77.624
105.226
100.157
-43.788
18.027
9.333
25.288
47.516
140.502
114.473
-15.451
60.391
17.325
99.246
33.587
108.987
-21.832
146.449
60.632
-11.405
64.056
54.550
-4.852
135.339
-22.973
96.998
-6.858
# ENDDATA