# of pickup customers
41
# of delivery customers
36
# of customers
77
# of tasks
154
# DepotNum
2
# vehicles of depot
34
18
# stalls of depot
46
22
# package time
3.220
3.519
2.229
3.560
2.757
2.842
3.569
2.027
2.590
3.441
3.337
3.405
3.510
3.910
2.572
3.878
2.796
2.399
2.780
3.475
2.321
3.647
2.556
2.575
2.390
2.249
2.630
3.630
3.808
2.796
2.326
3.701
3.924
2.488
2.414
2.458
2.875
3.614
3.917
3.126
3.540
3.410
3.621
3.874
2.489
2.666
3.434
2.075
2.274
3.372
2.366
2.677
2.472
3.982
3.374
3.676
2.083
3.572
3.694
2.684
2.182
3.506
3.655
2.452
3.461
2.283
3.834
3.311
2.261
2.062
3.519
2.712
3.768
3.669
3.730
2.577
2.902
# Depot coordinate
58.605
121.255
-162.264
-2.551
# customer coordinate
119.645
62.005
25.832
105.141
86.333
20.624
15.862
123.809
37.429
123.849
16.757
70.841
84.645
-27.703
92.192
-2.163
-11.621
101.846
64.312
47.159
40.951
36.285
125.582
141.334
-1.222
147.979
51.956
-26.269
61.939
-0.870
7.722
33.824
-26.778
118.494
58.021
-6.417
143.320
76.903
146.914
113.649
52.164
175.832
170.851
100.767
52.041
126.785
216.755
63.095
135.822
88.951
110.774
122.357
157.910
76.485
71.933
100.730
180.377
155.798
29.295
123.601
122.016
166.979
146.707
90.411
138.223
28.122
144.033
170.043
202.281
94.913
143.295
50.238
215.531
70.690
116.255
189.531
182.752
-158.224
-187.137
-145.555
-193.807
-104.051
-113.948
-166.363
-237.690
-101.855
-184.293
-221.542
-224.543
-191.133
-147.022
-150.616
-193.775
-212.803
-118.539
-85.649
-210.733
-259.103
-183.653
-217.126
-149.897
-121.638
-206.913
-133.042
-178.839
-249.464
-142.992
-91.349
-232.592
-122.004
-136.348
-64.957
-234.604
-121.299
-128.917
-179.719
-88.225
15.478
-75.568
33.863
14.119
-51.648
-65.529
5.488
-34.539
-88.142
-5.102
-21.165
67.891
-27.873
35.452
-72.297
63.999
74.003
-64.774
17.058
19.690
-38.071
-47.466
11.149
-85.058
-18.593
-34.517
46.221
3.319
30.692
-52.014
87.379
43.921
-32.412
59.388
41.828
-39.200
-19.756
# ENDDATA