# of pickup customers
39
# of delivery customers
19
# of customers
58
# of tasks
116
# DepotNum
4
# vehicles of depot
15
7
8
9
# stalls of depot
15
8
8
13
# package time
3.993
3.287
3.662
3.501
3.774
2.629
2.985
2.225
3.605
2.665
3.906
2.081
3.697
3.185
3.014
3.603
3.327
2.048
3.717
2.805
2.244
2.863
3.927
3.292
3.688
3.255
3.822
3.896
2.475
3.143
2.654
3.699
2.517
3.224
3.190
3.578
3.218
3.171
2.732
3.577
2.753
3.726
2.253
2.120
3.571
2.543
2.171
2.712
3.731
3.177
2.406
3.458
2.862
2.760
3.825
3.699
3.522
3.635
# Depot coordinate
-30.112
11.044
5.537
116.722
-47.792
-119.231
78.060
87.213
# customer coordinate
-17.716
-1.040
-93.599
-65.768
-35.665
8.542
27.675
-0.089
37.017
-4.638
64.757
-84.822
-65.478
16.855
-10.266
-18.102
67.500
-73.419
-20.096
20.347
-49.638
68.152
13.190
-69.799
-77.760
3.327
34.226
-23.197
-37.017
5.586
-30.939
-16.351
-1.572
-55.065
-13.569
97.700
42.719
19.484
-70.076
6.791
-65.527
-1.165
72.690
76.022
47.940
101.517
84.475
36.828
91.996
172.793
191.736
128.591
143.988
165.314
62.535
109.871
93.164
128.920
-16.561
38.984
-53.540
-20.217
15.841
-52.899
-38.269
10.134
17.573
-110.186
-22.805
-72.063
14.878
-12.464
-44.123
-136.689
-98.302
-142.581
-55.681
-72.810
-114.816
-132.563
-211.819
-63.232
-122.562
-140.559
-106.476
-203.485
-176.945
-99.747
76.559
118.003
97.917
24.651
164.914
53.551
74.959
158.093
57.183
57.073
90.410
-4.487
141.053
71.248
131.135
69.257
44.934
136.645
183.334
84.172
57.165
140.387
96.231
0.594
21.015
113.534
89.476
181.470
# ENDDATA