# of pickup customers
23
# of delivery customers
35
# of customers
58
# of tasks
116
# DepotNum
2
# vehicles of depot
25
14
# stalls of depot
32
20
# package time
3.820
2.633
2.016
2.564
3.089
3.215
2.186
2.862
2.592
3.994
2.687
3.221
3.942
2.129
2.421
2.175
3.959
3.249
2.559
2.943
2.272
3.217
2.179
2.737
2.160
3.421
2.846
3.588
2.813
2.446
3.124
2.797
3.409
3.685
2.339
2.508
2.967
3.013
2.036
3.494
3.682
2.249
2.613
3.579
3.199
2.344
2.323
2.018
3.128
3.629
2.480
2.536
3.284
3.337
2.301
2.093
2.022
2.176
# Depot coordinate
-129.173
58.465
43.555
107.558
# customer coordinate
-110.510
-156.752
-223.659
-116.715
-168.240
-107.103
-148.280
-217.091
-47.156
-139.015
-163.486
-197.351
-122.102
-189.680
-62.222
-212.836
-151.085
-202.669
-167.514
-125.747
-51.163
-187.118
-71.335
-34.799
-85.428
-128.159
-98.054
-96.868
-191.544
131.950
73.793
37.633
16.222
75.956
124.404
-35.915
94.484
113.062
82.172
51.187
110.342
30.159
100.153
67.605
27.896
54.088
69.170
89.791
152.971
-23.355
64.552
102.721
6.435
5.725
70.290
131.211
3.419
98.205
29.365
76.468
14.295
82.043
-11.769
-4.233
16.217
90.779
-11.104
123.239
108.023
2.000
12.765
108.970
62.875
40.746
41.930
69.691
8.853
-19.006
40.644
52.259
-31.778
15.392
84.760
-43.889
-44.827
68.023
88.543
90.937
76.468
91.273
134.339
135.812
117.857
102.262
163.388
61.947
98.936
126.507
99.388
177.869
29.134
56.837
53.542
29.142
158.032
58.594
83.759
85.741
177.812
142.136
24.058
162.063
12.912
160.074
98.684
115.527
# ENDDATA