# of pickup customers
33
# of delivery customers
37
# of customers
70
# of tasks
140
# DepotNum
2
# vehicles of depot
30
17
# stalls of depot
38
26
# package time
3.420
2.579
3.328
2.467
3.131
2.937
3.796
2.317
3.787
2.776
2.569
3.170
3.060
3.502
3.664
2.496
3.075
3.664
2.198
2.452
2.178
2.513
2.692
3.171
2.699
2.365
2.092
3.298
3.357
3.669
2.705
3.067
3.375
3.286
3.478
2.592
3.028
2.813
2.495
3.126
3.999
3.033
3.472
3.835
3.313
3.828
3.131
3.970
3.478
3.678
3.881
2.051
3.454
3.336
2.409
3.451
3.503
3.186
3.249
3.701
3.643
2.473
3.828
3.452
2.080
2.921
3.833
2.206
3.286
2.122
# Depot coordinate
-63.859
115.046
107.402
117.763
# customer coordinate
-53.215
-134.233
-86.970
-5.504
-117.094
-73.449
-77.012
-2.918
-107.185
-105.644
-138.910
-39.059
-57.512
-76.450
-11.780
-138.312
-37.132
-147.454
-30.848
-104.541
-85.354
-65.847
-126.630
-39.964
-19.535
-56.651
-101.502
-15.600
-121.628
-14.789
-102.484
-77.240
-56.118
-146.320
31.301
132.144
181.778
55.883
86.769
132.450
147.705
84.503
175.552
166.489
175.277
56.923
110.203
32.414
90.313
153.356
119.358
57.008
113.317
121.004
120.508
92.537
186.017
151.385
187.583
98.630
87.770
205.781
71.617
200.642
100.623
151.941
155.238
69.556
136.333
63.922
85.987
107.080
157.016
77.173
84.767
44.055
129.063
138.406
62.527
132.278
50.479
61.390
154.991
90.075
190.640
129.207
149.467
90.984
84.255
108.614
196.402
177.959
32.490
124.505
21.521
30.019
29.062
41.825
156.879
170.434
183.503
65.514
205.876
158.982
94.022
135.615
75.649
95.425
123.474
208.266
58.435
59.400
138.466
175.119
102.195
140.603
190.784
107.927
96.413
123.429
153.129
36.678
69.215
96.714
37.875
147.642
170.008
100.760
119.601
215.697
33.816
139.833
172.430
90.605
170.096
199.356
38.816
197.432
171.794
115.106
# ENDDATA