# of pickup customers
4
# of delivery customers
24
# of customers
28
# of tasks
56
# DepotNum
3
# vehicles of depot
8
6
5
# stalls of depot
8
6
8
# package time
2.080
3.440
3.629
3.662
2.249
3.090
3.824
3.068
2.999
3.225
2.619
3.800
3.421
2.343
2.627
2.537
2.025
3.548
2.531
3.828
3.154
2.190
2.593
3.022
3.068
2.013
3.217
3.645
# Depot coordinate
-129.586
67.849
149.881
20.168
52.103
-40.126
# customer coordinate
-223.039
-221.871
-132.446
-128.906
-138.649
-158.409
-107.197
-150.425
-156.861
-121.499
74.053
102.674
4.253
2.823
136.329
55.132
17.998
12.456
95.137
87.248
149.651
179.761
175.915
210.326
141.348
227.754
122.789
168.362
10.364
-12.053
-67.844
47.196
100.997
108.969
44.861
-34.642
85.897
-12.649
115.966
30.357
21.916
108.327
91.718
128.795
94.399
71.378
83.616
-11.064
-93.345
-26.840
22.730
-7.441
-7.316
-53.568
-16.496
-63.299
# ENDDATA