# of pickup customers
1
# of delivery customers
53
# of customers
54
# of tasks
108
# DepotNum
2
# vehicles of depot
22
14
# stalls of depot
22
21
# package time
3.460
2.105
2.722
3.448
2.639
2.625
2.157
3.527
2.060
2.820
2.460
2.407
2.796
2.351
3.948
3.316
3.618
3.596
3.795
3.255
3.002
2.594
2.295
2.875
2.526
2.327
2.475
2.146
3.048
2.807
2.169
2.178
2.945
3.830
3.197
2.855
2.652
2.071
3.628
2.179
2.300
3.808
3.529
2.024
2.387
2.508
2.427
3.879
3.129
3.557
3.095
3.294
3.247
3.240
# Depot coordinate
-60.649
45.704
-4.635
-7.946
# customer coordinate
-49.543
-115.942
-82.294
-86.344
-54.702
-44.212
-11.710
-68.585
6.896
-127.945
-26.279
15.893
-21.972
-73.640
4.841
-95.461
-144.426
-54.074
-126.396
-33.651
-34.371
-15.403
24.105
-72.736
-92.907
-105.701
24.449
8.868
136.630
-16.764
-28.691
-46.301
54.905
12.049
111.982
52.886
36.537
-3.887
81.908
-3.806
30.317
48.085
95.780
109.185
73.610
-24.619
-46.431
47.746
93.780
85.824
75.995
19.483
1.270
71.784
37.100
-26.158
13.507
-17.149
-48.192
17.095
-27.803
-29.981
-55.566
-8.722
37.889
50.539
15.121
-77.039
12.826
-87.281
35.860
76.226
15.467
-54.572
66.898
81.098
-24.944
66.143
35.082
-64.552
-0.845
-68.479
1.646
-66.222
-33.281
19.016
35.772
20.806
-69.197
73.626
-40.011
-45.707
-8.097
-17.062
9.515
-75.276
-50.560
20.347
-29.666
-1.184
-10.939
-99.202
69.946
28.079
-65.467
-16.955
-93.496
-85.438
# ENDDATA