# of pickup customers
20
# of delivery customers
50
# of customers
70
# of tasks
140
# DepotNum
2
# vehicles of depot
28
19
# stalls of depot
30
28
# package time
3.166
2.922
2.295
2.762
3.368
3.047
2.201
3.330
2.627
3.960
3.765
3.492
3.200
2.251
2.053
3.892
2.565
2.461
2.164
3.630
3.689
2.319
3.403
3.210
2.679
3.658
3.633
3.323
2.849
3.311
3.073
2.571
2.275
3.029
2.260
2.389
3.935
2.964
3.671
2.441
3.430
2.618
2.624
3.589
2.242
2.195
2.622
2.875
3.360
2.764
2.663
2.614
3.746
2.782
2.767
2.844
2.601
3.741
2.772
3.086
2.044
2.280
3.716
2.825
2.114
3.479
2.199
3.673
2.783
2.125
# Depot coordinate
-21.869
-6.891
-40.568
49.376
# customer coordinate
-31.365
-56.006
-78.254
-0.493
17.259
8.308
-22.893
18.046
-47.483
-10.806
-53.515
18.829
-29.762
-100.915
10.960
-13.086
-112.758
-59.474
43.453
-42.310
-68.903
-9.828
-105.436
-12.465
50.477
60.963
50.812
-41.794
65.545
32.468
27.826
-94.060
4.638
-82.560
-56.702
-18.539
65.300
5.620
44.339
30.123
-35.283
14.313
-75.791
-15.632
0.320
-92.522
-49.964
-65.695
30.484
-34.004
-29.099
41.273
5.810
-43.352
-23.617
4.338
-84.812
-62.361
85.211
-14.712
-59.874
-58.087
57.131
23.590
6.855
-50.019
60.641
43.246
-41.677
23.042
9.275
-3.469
18.514
-57.923
-6.956
-97.764
-62.781
-49.378
-134.819
-14.170
35.895
41.511
-123.203
-98.807
14.439
-89.474
-45.275
-88.977
23.948
-20.642
-58.719
33.205
-24.381
-110.471
-83.536
-6.891
-32.826
-78.313
-61.878
-116.656
-76.261
-69.191
-134.425
-108.798
-40.906
142.046
-19.283
25.735
28.392
131.419
-8.288
-27.689
99.495
-48.538
113.658
39.198
84.034
67.709
92.963
71.460
106.266
49.073
66.753
-33.971
22.414
-0.613
-13.158
44.089
81.422
81.675
21.640
-0.844
117.515
13.293
136.346
106.247
5.509
-11.745
45.643
-9.468
# ENDDATA