# of pickup customers
4
# of delivery customers
90
# of customers
94
# of tasks
188
# DepotNum
2
# vehicles of depot
32
31
# stalls of depot
40
31
# package time
2.769
3.833
3.979
3.537
3.107
2.328
3.890
2.925
2.957
3.884
2.109
2.413
3.994
2.283
2.061
2.303
3.259
2.029
3.067
2.641
3.248
2.554
2.083
3.729
2.775
3.561
2.992
3.994
3.635
2.159
2.317
3.810
3.141
3.991
2.871
2.142
3.991
3.618
3.392
3.905
3.580
2.464
3.937
3.736
2.719
2.202
2.412
3.173
3.551
3.519
3.728
3.771
2.119
3.748
3.321
3.203
3.139
3.573
2.535
2.325
3.086
3.476
2.019
2.713
2.519
2.565
3.900
2.960
3.478
2.557
2.912
2.804
3.679
3.211
2.933
3.343
2.869
2.193
3.312
2.583
2.381
3.205
2.636
3.532
3.917
3.001
2.165
3.023
2.184
3.673
3.787
3.712
3.641
3.398
# Depot coordinate
-43.772
-13.754
-23.273
113.736
# customer coordinate
-31.318
-5.689
-10.682
-112.687
-33.908
-33.351
27.702
-73.426
-76.398
-65.315
10.614
10.125
-102.184
4.733
34.373
-107.483
20.354
-141.426
-57.298
-79.265
-51.821
-94.358
51.450
-31.311
-11.477
-22.003
-117.729
-98.819
-97.661
-26.813
47.622
-137.718
-3.287
29.823
-85.559
23.896
-127.327
-58.527
-100.805
46.727
-64.719
-28.673
-58.451
3.112
-79.218
-118.595
-3.001
-69.956
-21.518
-61.238
61.656
29.553
-87.929
10.443
4.405
-66.411
22.556
40.573
55.011
-40.563
-46.642
-8.618
-48.805
32.453
76.147
47.533
-6.821
-29.013
69.105
-59.080
-17.859
45.508
-6.664
28.476
-107.673
-79.861
-65.392
-9.517
-26.623
-83.542
-108.289
17.404
28.572
-100.825
-30.841
-90.357
-82.864
-39.673
17.566
-57.804
51.341
9.982
31.959
10.855
72.745
-5.090
-63.479
34.693
-0.654
-106.879
3.046
-23.400
50.289
-44.103
52.898
-75.365
-17.189
-43.729
33.505
-54.806
-98.027
-40.228
11.806
-85.711
-66.247
59.842
-38.535
42.709
60.436
19.000
-31.599
-96.367
11.663
-38.602
-17.189
-15.008
-94.849
-46.944
-43.785
-17.820
-70.459
-89.944
-74.693
-63.188
-120.964
-84.122
74.178
16.577
-2.481
4.038
36.127
109.578
38.991
142.491
85.113
88.484
98.011
54.516
124.917
89.286
180.725
41.423
58.250
163.939
124.140
22.089
69.282
132.719
112.636
99.877
204.122
97.863
135.906
39.303
65.153
181.696
94.371
67.074
115.070
153.183
177.964
165.450
133.413
42.645
86.911
108.534
157.027
143.521
208.957
65.514
132.033
25.194
26.197
199.719
158.851
149.436
199.918
77.582
# ENDDATA