# of pickup customers
25
# of delivery customers
48
# of customers
73
# of tasks
146
# DepotNum
2
# vehicles of depot
27
22
# stalls of depot
40
25
# package time
2.667
2.083
3.160
3.426
2.424
2.338
3.753
2.280
3.298
2.330
3.124
2.259
3.237
2.490
3.769
2.088
3.940
2.364
2.689
2.687
2.808
3.013
2.987
2.615
3.777
2.635
3.103
2.799
2.978
2.719
3.053
2.894
3.102
3.639
2.647
3.179
2.276
2.838
2.158
3.593
2.964
2.370
3.691
3.957
3.811
2.106
2.545
3.322
2.246
3.059
3.847
3.673
3.422
2.503
3.953
2.175
3.961
3.792
3.718
3.798
2.868
3.813
3.457
3.588
3.223
2.523
2.290
3.004
2.700
3.850
3.217
2.436
3.418
# Depot coordinate
-12.703
-149.520
7.893
54.157
# customer coordinate
33.638
-22.985
-19.887
-91.586
34.306
23.649
0.898
-18.943
5.029
-65.591
-76.269
51.872
-34.990
48.503
11.816
-54.005
56.291
75.424
-93.245
42.126
-12.181
-38.054
-2.130
-46.839
7.401
-54.781
-17.241
14.724
25.390
-55.672
0.491
-100.641
-29.933
79.304
45.826
84.022
28.736
-159.051
-212.627
-110.950
-195.114
-126.592
-190.247
-133.343
-185.018
-148.775
-101.290
-104.179
-177.100
-124.051
-164.161
-73.249
-139.510
-150.366
-80.260
-81.430
-182.432
-192.042
-243.707
-59.387
-85.110
-161.250
-242.428
-175.893
-106.208
-82.840
-212.974
-147.988
-216.550
-106.020
-107.300
-209.128
-173.160
8.274
-70.012
-46.314
-22.723
85.656
-49.561
106.054
47.446
-2.465
-44.628
63.951
-49.726
25.205
21.757
-79.733
2.193
80.105
-39.368
7.009
60.148
-17.218
-55.601
35.866
74.513
58.549
-69.493
88.986
23.933
-13.027
-19.614
-44.929
42.195
-6.024
4.498
-23.012
-15.099
41.643
79.286
41.062
-34.939
61.296
64.350
98.143
-42.863
-16.656
-3.821
105.333
-11.661
125.277
143.464
-30.796
118.439
27.476
111.314
7.869
29.024
3.819
33.863
60.263
11.679
71.594
35.978
87.681
150.262
52.874
-17.220
112.032
152.267
77.147
29.753
129.929
-2.919
59.421
# ENDDATA