# of pickup customers
68
# of delivery customers
30
# of customers
98
# of tasks
196
# DepotNum
2
# vehicles of depot
38
28
# stalls of depot
46
34
# package time
3.462
2.437
2.238
3.664
3.369
3.284
3.757
3.530
3.671
2.469
2.558
3.918
2.504
2.558
3.531
3.694
2.031
2.855
2.934
2.137
2.074
3.449
2.048
2.764
2.950
2.602
2.489
2.315
3.060
3.656
3.014
3.286
3.172
2.526
3.141
2.800
2.892
2.106
2.946
3.378
3.364
2.567
3.166
2.886
2.847
2.180
2.500
3.414
3.655
3.441
3.683
2.252
2.538
2.174
2.909
2.026
3.415
2.930
3.313
2.648
2.960
3.115
3.575
2.501
3.768
3.325
2.849
2.941
2.906
2.175
3.809
2.724
3.785
3.775
2.195
3.584
2.475
2.111
2.772
2.592
2.843
3.075
3.984
2.877
2.252
2.435
3.381
2.790
2.663
2.426
2.480
3.224
2.493
3.438
3.852
3.706
3.781
3.240
# Depot coordinate
2.532
-99.037
21.242
43.234
# customer coordinate
18.075
-39.164
-18.132
52.500
7.723
2.542
93.699
-50.765
0.395
-46.749
36.970
-45.239
-25.726
29.287
-22.588
53.670
30.466
-82.430
0.495
-2.062
12.689
75.010
44.799
93.908
-41.912
64.345
17.655
-65.680
45.872
69.405
-40.854
-31.076
-67.430
45.961
2.753
-15.556
36.103
78.847
22.146
68.712
-76.587
26.039
78.923
-20.021
87.365
-91.837
55.733
-20.092
-73.021
-142.634
-77.734
-112.236
-41.171
-57.405
-143.577
-90.238
-125.534
-48.843
-122.155
-100.679
-33.244
-13.174
-182.327
-18.881
-142.208
-109.348
-169.207
-72.292
-64.911
-182.945
-43.240
-121.232
-100.986
-163.075
-117.219
-157.546
-63.110
-167.800
-25.290
-93.629
-37.414
-133.324
-56.065
-93.571
-170.028
-12.917
-191.012
-136.997
-68.810
-76.375
-156.595
-115.818
-72.895
-48.114
-190.046
-3.865
-89.409
-32.077
4.610
-22.933
56.213
22.847
-40.483
55.450
23.213
-55.544
76.407
-4.181
-8.572
41.080
-49.904
40.545
24.630
43.424
92.603
31.212
-7.456
-70.380
118.233
86.584
-51.809
57.955
79.588
-18.376
-22.783
10.076
-30.059
64.142
15.026
111.421
-14.850
75.628
96.400
-22.577
112.131
4.680
63.337
-48.780
54.123
-67.292
42.822
91.027
-24.345
-3.049
98.397
-2.181
78.574
79.173
31.042
24.399
18.714
59.740
-0.231
66.736
-19.683
-16.293
109.505
-22.598
-29.355
60.256
10.194
11.600
38.592
127.518
27.053
-25.900
98.941
59.806
102.645
58.630
100.331
68.625
2.969
-22.941
9.812
101.362
43.836
9.529
79.119
-41.402
129.126
-53.406
-7.284
84.991
38.587
127.003
-50.308
-6.231
121.763
82.500
118.035
38.185
78.809
38.189
141.424
-4.860
# ENDDATA