# of pickup customers
20
# of delivery customers
35
# of customers
55
# of tasks
110
# DepotNum
2
# vehicles of depot
24
13
# stalls of depot
24
17
# package time
3.571
2.349
3.451
3.355
2.995
3.607
2.867
3.748
2.309
3.235
3.310
2.306
3.493
2.272
3.412
3.659
2.656
3.579
3.136
2.884
2.828
2.811
3.245
3.057
2.898
2.766
2.791
2.647
3.839
2.075
3.674
2.036
3.226
2.506
2.918
2.852
3.651
3.256
3.138
3.231
2.709
3.906
3.129
3.515
3.705
2.471
3.499
2.936
3.310
3.388
3.521
2.003
2.072
3.237
3.465
# Depot coordinate
-11.664
-64.869
4.921
-128.723
# customer coordinate
21.668
25.146
-50.084
33.642
-69.150
-7.170
52.923
-6.539
54.255
-62.051
60.180
-29.253
26.861
-103.880
-54.456
-27.428
-89.875
-15.582
-13.202
16.205
-4.539
24.990
-37.415
-56.057
-70.913
-86.908
31.745
-16.464
-43.188
-46.609
-20.919
-60.745
-24.700
29.848
-36.600
-97.632
-152.840
-93.288
-104.810
-53.353
-4.599
-4.149
-54.154
-10.779
-72.620
-50.795
-86.871
-3.132
-138.414
-22.512
-140.882
-164.771
33.119
-114.720
-30.358
-87.493
-7.399
23.938
61.449
-28.420
24.820
-43.508
-88.847
63.608
2.038
-62.936
-40.309
27.595
-18.957
79.642
-7.776
9.204
-68.368
84.423
77.018
-49.940
-42.641
-64.136
-73.386
42.349
-58.626
94.530
53.432
-206.807
-158.060
-124.694
-179.757
-46.900
-148.494
-187.515
-164.268
-151.728
-135.821
-77.340
-65.057
-112.619
-155.759
-96.483
-85.291
-215.546
-36.980
-44.577
-187.147
-65.672
-172.223
-96.130
-132.736
-127.877
-111.913
-94.110
# ENDDATA