# of pickup customers
10
# of delivery customers
43
# of customers
53
# of tasks
106
# DepotNum
3
# vehicles of depot
17
8
11
# stalls of depot
20
12
16
# package time
2.366
2.411
2.878
2.300
2.611
3.840
2.146
2.277
2.830
2.495
2.002
3.039
3.148
2.463
2.544
2.926
3.176
3.948
3.061
2.271
2.676
2.484
3.022
2.052
2.804
2.073
3.857
3.190
3.423
3.733
3.510
2.964
3.038
3.759
2.448
3.880
2.936
2.593
2.136
3.628
3.406
3.986
3.602
3.462
2.518
2.241
3.756
3.048
2.868
2.166
2.704
2.515
2.586
# Depot coordinate
1.062
81.516
187.724
-10.020
128.253
-21.311
# customer coordinate
-23.630
-93.990
-16.599
-1.319
-60.245
67.984
59.000
-30.654
81.142
92.697
-81.226
-52.903
27.598
72.349
-37.084
69.451
-64.855
0.208
95.337
74.554
33.945
131.510
52.470
177.709
133.551
27.764
24.264
115.458
9.429
44.027
92.350
155.139
84.536
72.555
52.609
106.711
201.322
93.560
201.114
212.868
128.476
188.272
173.059
207.676
237.640
284.581
236.949
163.099
131.190
112.924
256.066
261.264
223.636
-66.638
-4.146
-33.741
17.484
-55.474
59.818
-13.284
-4.115
41.019
4.785
-36.438
66.969
-7.716
-71.477
-36.357
-34.211
-76.723
62.442
110.913
87.409
108.777
140.738
174.047
133.041
181.973
179.234
205.271
109.265
117.335
79.294
171.115
160.915
200.664
181.371
210.512
132.898
-54.619
-9.184
-95.432
-8.249
17.058
3.751
-67.371
-29.081
33.597
-41.913
-94.096
36.715
39.490
29.711
4.021
-57.897
13.499
# ENDDATA