# of pickup customers
42
# of delivery customers
41
# of customers
83
# of tasks
166
# DepotNum
2
# vehicles of depot
35
21
# stalls of depot
40
24
# package time
2.433
3.543
2.432
3.880
3.289
2.179
2.563
3.348
2.909
2.452
3.268
2.288
3.891
3.850
3.893
2.590
2.422
3.612
2.573
2.005
3.949
3.601
3.771
2.788
2.664
3.114
2.411
3.773
2.794
2.809
3.137
2.351
2.016
3.452
2.690
2.953
2.499
2.369
2.733
2.766
2.828
3.770
2.958
2.968
2.525
3.345
3.630
3.336
3.490
3.269
3.366
2.226
2.248
2.853
3.157
2.891
2.445
2.026
2.939
3.504
3.749
3.356
2.975
3.903
2.470
3.021
2.143
3.161
2.368
2.788
3.573
2.736
3.115
2.172
3.767
3.534
2.006
3.255
3.045
2.946
2.337
3.999
2.820
# Depot coordinate
-112.520
-2.116
35.549
160.565
# customer coordinate
-143.368
-119.613
-114.520
-80.329
-181.843
-70.387
-98.709
-160.478
-97.623
-201.209
-107.215
-58.664
-165.280
-162.983
-67.987
-161.201
-51.136
-134.407
-205.786
-142.534
-90.438
-31.997
-94.166
-78.168
-131.740
-161.275
-17.570
-22.360
-49.225
-141.365
-141.137
-36.498
-181.888
-177.406
-120.932
-164.775
-179.418
-90.552
-72.913
-203.477
-75.152
-133.442
-47.939
51.625
-31.564
91.308
1.916
-53.353
6.496
31.342
59.794
-41.277
69.086
42.586
74.236
21.542
66.108
-51.350
-28.288
-48.718
-1.821
-72.514
-16.850
44.698
0.981
-86.334
-29.547
19.069
69.754
-24.817
-7.367
-29.767
94.650
-87.321
-81.518
-30.242
-15.440
-6.984
66.060
40.696
48.537
14.581
41.787
50.489
-22.197
126.807
27.434
31.131
46.033
5.009
-10.321
67.870
-9.492
96.447
88.753
118.108
-42.238
7.655
92.889
-31.628
93.215
61.853
121.070
-35.661
-22.604
45.398
120.422
8.924
33.783
27.387
54.261
34.970
71.990
-49.840
0.381
91.858
56.670
-55.489
72.367
-21.699
-58.125
66.376
10.995
-19.378
30.087
176.676
209.903
123.647
187.414
120.211
151.027
227.428
207.520
131.661
104.920
151.253
143.576
203.733
185.091
229.279
220.710
252.907
241.603
184.402
193.420
213.579
189.162
247.271
110.968
144.009
87.018
114.048
89.209
100.538
187.051
153.752
133.519
172.538
165.746
66.168
139.067
179.415
227.927
163.364
148.711
81.972
# ENDDATA