# of pickup customers
35
# of delivery customers
45
# of customers
80
# of tasks
160
# DepotNum
2
# vehicles of depot
29
25
# stalls of depot
38
32
# package time
2.720
3.340
3.947
3.175
3.174
3.428
3.312
2.140
2.636
3.115
3.221
2.783
3.192
2.752
3.891
2.480
2.870
3.044
2.546
3.567
3.367
2.900
2.773
3.987
2.664
2.214
3.510
3.615
3.479
3.206
3.716
3.042
2.687
2.057
2.266
2.234
2.715
3.061
2.419
2.429
3.920
3.870
3.738
3.293
3.368
2.594
2.020
2.025
2.484
2.429
2.903
2.496
2.674
2.631
3.708
2.891
2.999
3.781
3.390
2.198
3.722
3.477
3.444
2.197
2.200
2.708
2.420
2.231
2.451
2.621
3.641
2.019
2.479
2.450
3.970
2.252
3.650
3.365
2.221
2.963
# Depot coordinate
83.991
-6.400
-38.139
26.975
# customer coordinate
160.216
54.162
111.387
74.739
128.156
85.553
-15.652
109.363
75.339
90.336
95.047
51.087
139.892
-4.312
132.128
48.671
40.922
22.610
160.075
121.357
29.247
141.130
171.751
150.400
32.805
96.576
161.006
23.259
59.465
107.270
107.912
102.093
78.722
20.820
7.289
66.460
-5.677
58.084
171.991
28.465
-29.372
13.641
-42.419
-52.344
-80.981
9.108
-7.402
2.345
27.768
78.620
79.407
-42.592
-20.654
93.535
48.810
55.563
21.487
-37.008
-46.546
-73.875
-86.364
-97.402
-33.600
75.320
-68.817
13.855
54.375
-63.237
26.737
40.063
57.568
-24.956
45.128
45.657
31.387
-58.710
14.505
26.560
-3.550
-5.842
16.044
47.035
-78.251
-130.974
35.774
-64.591
-42.383
-110.378
47.011
-97.514
-13.057
-26.959
-55.349
-70.425
-3.912
-107.723
-7.453
29.752
-7.114
-24.413
-83.811
-83.421
-37.799
-25.945
-45.665
37.957
-92.587
-115.687
-52.401
-130.515
2.566
-48.963
14.389
-63.173
-0.514
-93.475
-21.796
10.063
-66.068
-24.386
-56.038
-4.841
32.286
113.966
71.088
86.363
64.552
-59.894
25.130
75.263
53.815
-5.318
11.793
30.441
-14.281
31.210
67.999
92.462
52.647
-44.084
-12.036
28.502
-29.101
-21.130
28.540
40.728
58.518
9.316
109.875
78.923
-33.202
52.348
12.705
-54.626
-38.891
-21.539
-25.643
-64.329
-38.993
-11.112
# ENDDATA