# of pickup customers
39
# of delivery customers
4
# of customers
43
# of tasks
86
# DepotNum
3
# vehicles of depot
13
8
8
# stalls of depot
14
11
8
# package time
2.280
3.896
3.809
3.995
3.370
3.864
2.970
3.193
3.585
3.569
2.980
2.032
3.712
3.002
2.114
3.016
2.719
3.405
3.758
2.974
2.407
3.597
2.682
3.929
3.242
2.989
2.358
3.044
3.944
2.530
2.732
2.771
3.400
2.139
3.433
2.512
3.649
3.943
3.800
2.073
2.627
2.650
3.341
# Depot coordinate
-36.415
-142.589
48.142
14.393
-4.538
116.613
# customer coordinate
28.127
21.933
-53.350
-26.139
-97.607
-1.062
2.359
38.794
-59.781
-37.491
-12.894
-113.609
-82.874
3.152
-131.484
-187.267
-49.376
-114.465
-155.259
-153.832
-84.776
-142.789
-189.945
-74.996
-178.625
-115.730
-152.724
-209.049
-201.441
-138.008
4.104
25.253
125.146
123.275
89.105
12.303
7.887
-30.138
28.587
71.983
100.916
93.932
-30.834
22.467
-34.831
74.603
48.276
73.377
-8.898
-65.653
62.061
50.599
-69.362
22.566
-37.410
1.517
83.081
-11.645
51.552
-29.825
-55.135
-26.614
16.161
-11.487
68.757
75.355
-75.138
-48.029
-19.179
46.410
47.856
-16.304
-46.001
40.777
96.536
116.781
66.221
30.295
128.175
187.562
123.911
163.703
59.777
170.963
128.422
58.417
# ENDDATA