# of pickup customers
19
# of delivery customers
48
# of customers
67
# of tasks
134
# DepotNum
2
# vehicles of depot
30
15
# stalls of depot
43
17
# package time
3.353
3.873
3.186
2.525
2.691
3.635
3.638
3.710
3.757
3.398
2.168
2.755
2.858
2.160
2.029
2.480
3.651
3.128
2.078
3.463
3.712
3.586
3.963
3.641
3.389
3.514
2.038
2.437
2.208
2.396
3.303
2.435
2.921
2.160
2.948
3.303
3.104
3.726
3.322
3.391
2.090
3.862
2.623
3.055
3.068
2.476
3.292
2.210
3.427
3.139
3.495
2.018
2.915
3.431
2.523
3.549
3.914
2.414
2.694
2.903
3.164
2.643
3.418
3.013
2.910
3.241
3.474
# Depot coordinate
-45.701
-24.983
-62.790
29.922
# customer coordinate
-48.378
-11.382
-101.514
-38.817
-60.809
37.987
-108.290
21.689
-66.902
-84.717
-118.902
0.054
19.171
-25.989
23.539
-37.988
-99.601
-12.912
-75.607
0.983
-61.532
-85.008
-137.380
-33.530
26.802
-97.836
-11.229
52.014
-98.599
-38.621
-135.554
-2.693
-12.696
25.990
-62.854
-1.009
-73.597
10.345
-34.895
-13.882
31.041
-101.103
-102.248
-116.087
-75.698
-4.993
43.830
-25.456
-39.277
65.301
-8.494
-13.065
-32.251
-6.921
-29.089
-75.095
54.640
19.938
-62.279
22.115
64.388
45.002
34.109
-104.764
-3.538
-51.245
-83.153
-95.666
-12.029
-15.956
-13.533
-9.302
-79.303
-109.776
-41.931
-35.330
-0.183
-51.148
-134.780
9.153
-47.132
-10.935
19.903
-75.258
-87.546
-71.923
-41.009
-130.385
-108.533
-35.304
-152.352
-110.897
-46.530
14.495
-47.010
-128.525
-129.031
-66.441
-110.908
-65.015
-132.489
38.559
25.736
8.597
-40.626
48.665
128.443
26.110
-12.104
44.527
61.448
66.285
68.717
1.532
73.108
8.019
-12.447
-64.949
8.180
-32.015
101.064
105.530
88.979
73.818
61.826
-26.692
6.648
30.787
47.403
109.464
10.656
-10.719
-46.321
-49.815
# ENDDATA