# of pickup customers
4
# of delivery customers
19
# of customers
23
# of tasks
46
# DepotNum
2
# vehicles of depot
10
6
# stalls of depot
12
7
# package time
2.626
2.533
2.389
3.684
2.049
2.788
2.357
2.160
3.324
3.706
2.008
2.332
2.358
2.072
3.006
2.743
2.339
2.225
3.545
3.337
3.318
2.427
2.495
# Depot coordinate
-87.672
5.642
-151.528
-36.762
# customer coordinate
7.191
-95.456
-74.396
-186.161
-13.551
-172.303
-118.556
-146.749
-71.923
-103.167
-127.732
-127.852
30.694
-64.611
63.262
5.260
34.559
-44.235
-14.477
-10.098
71.025
-2.549
-47.125
-180.596
-194.965
-169.341
-161.305
-205.630
-98.816
-122.374
-208.307
-85.959
-138.837
-180.626
-81.384
-70.625
-3.591
-44.521
-81.616
-10.033
-92.796
-93.746
-20.724
26.428
16.092
-22.516
# ENDDATA