# of pickup customers
21
# of delivery customers
9
# of customers
30
# of tasks
60
# DepotNum
2
# vehicles of depot
12
8
# stalls of depot
16
10
# package time
2.418
2.135
3.305
3.823
2.575
2.728
3.950
3.371
3.490
2.429
3.726
2.403
3.866
2.624
2.424
3.739
3.280
2.910
2.130
2.665
3.008
2.314
3.377
3.591
3.691
3.307
2.251
3.657
2.177
3.030
# Depot coordinate
-12.428
145.890
5.174
-135.914
# customer coordinate
-68.766
17.723
62.761
38.082
-36.833
7.242
45.977
58.853
-27.870
-41.260
-86.504
25.292
3.859
84.346
28.871
179.053
129.586
88.717
140.693
85.889
218.726
121.313
164.680
164.557
174.088
213.616
139.828
191.017
170.842
203.767
-0.081
14.382
-23.984
-70.092
-21.171
-58.740
-46.983
40.509
-85.536
6.746
-41.520
-29.732
56.064
-9.694
73.788
-62.240
-162.434
-61.842
-111.596
-113.643
-161.359
-82.759
-89.782
-195.555
-126.030
-113.869
-63.532
-174.136
-165.663
-57.111
# ENDDATA