# of pickup customers
18
# of delivery customers
29
# of customers
47
# of tasks
94
# DepotNum
3
# vehicles of depot
14
9
9
# stalls of depot
15
14
12
# package time
2.495
3.550
2.840
3.307
2.499
3.257
2.047
2.654
2.281
3.593
2.713
3.401
3.517
3.389
3.164
3.048
3.852
3.493
2.425
2.370
3.758
2.061
2.741
3.810
2.972
3.499
2.302
3.651
2.412
3.501
3.422
3.371
2.777
3.480
3.046
3.900
3.929
3.042
3.852
2.786
3.326
3.421
3.986
2.267
3.975
3.269
3.390
# Depot coordinate
65.619
-11.717
100.536
159.324
-50.120
19.941
# customer coordinate
140.895
15.967
85.900
37.831
36.556
146.319
46.746
4.335
103.385
-0.319
85.925
47.340
69.676
59.210
-13.142
135.567
-26.737
-46.458
-60.484
28.059
-39.550
64.418
78.654
-75.740
22.590
-77.151
-20.058
-65.605
76.407
18.729
11.071
-46.322
168.525
153.276
81.974
26.272
64.771
130.573
117.258
139.833
117.809
76.358
125.216
52.184
129.884
55.681
95.364
122.670
210.858
144.207
73.320
150.394
152.038
97.079
97.126
208.023
193.747
187.295
185.322
116.836
251.657
138.703
97.675
-3.073
-61.163
-126.851
-72.184
-36.328
-11.747
-46.862
-5.850
-43.767
-58.336
-114.832
-36.706
-83.422
-7.743
-60.350
25.356
20.527
-33.397
31.029
76.714
10.478
38.498
76.022
71.317
7.397
76.400
103.238
-28.562
-18.130
33.598
-38.556
# ENDDATA