# of pickup customers
56
# of delivery customers
2
# of customers
58
# of tasks
116
# DepotNum
4
# vehicles of depot
12
9
9
9
# stalls of depot
12
13
13
13
# package time
3.931
3.395
3.778
3.175
2.770
2.351
2.237
2.323
3.819
3.454
3.975
3.602
3.038
2.126
3.225
3.790
2.340
3.112
2.215
3.262
3.115
2.384
2.650
2.712
2.452
3.075
2.072
2.037
2.251
3.119
2.587
2.695
3.691
3.898
3.638
2.141
3.962
3.965
3.689
2.461
2.168
3.138
2.272
2.208
2.979
2.903
2.916
3.130
3.498
3.554
2.310
2.343
3.037
2.499
2.637
2.168
3.474
2.473
# Depot coordinate
112.094
91.021
-114.583
-182.001
39.369
-90.763
119.637
-65.536
# customer coordinate
51.670
83.209
117.457
37.499
81.741
135.278
110.419
91.947
185.371
122.382
183.786
139.037
92.429
67.012
175.730
64.333
22.804
97.571
163.857
44.514
120.608
94.142
54.618
13.574
40.689
58.531
126.633
14.981
81.992
113.880
-84.358
-156.111
-79.951
-172.678
-100.806
-97.554
-60.273
-159.980
-119.383
-28.714
-208.587
-140.270
-175.962
-95.388
-124.901
-148.719
-192.557
-149.521
-157.602
-271.608
-119.244
-157.707
-178.162
-173.671
-203.197
-232.728
-205.537
-239.703
-6.840
28.947
-2.954
40.643
-21.006
20.726
17.326
-47.635
-19.810
109.422
19.281
47.711
5.541
6.172
89.366
-50.546
-154.411
-52.796
-47.217
-32.861
-119.696
-10.914
-83.052
-110.203
-167.468
-155.879
-85.697
-30.788
-127.520
-40.793
109.103
146.099
153.312
57.060
144.893
92.730
104.959
97.590
76.201
70.642
92.649
173.425
77.094
179.691
141.338
-26.516
-40.713
20.233
-144.687
-89.741
-68.954
-50.983
-106.141
-22.247
-149.025
-76.837
6.267
7.031
# ENDDATA