# of pickup customers
7
# of delivery customers
32
# of customers
39
# of tasks
78
# DepotNum
4
# vehicles of depot
9
6
5
6
# stalls of depot
14
6
8
7
# package time
2.504
2.217
2.875
2.286
2.922
3.775
3.222
3.065
2.677
2.708
2.961
3.602
2.321
3.718
2.931
2.092
2.145
2.158
2.097
2.280
2.311
3.775
2.054
2.249
2.470
2.150
2.402
3.380
3.181
2.442
2.411
2.351
3.904
2.482
3.439
3.052
2.576
3.497
2.025
# Depot coordinate
68.889
113.684
-141.864
16.641
23.309
89.788
58.363
143.618
# customer coordinate
33.342
40.645
51.617
46.430
71.448
148.362
-19.789
126.332
-19.897
110.406
154.516
138.166
139.722
130.776
175.012
69.519
138.906
48.845
192.422
180.245
-170.097
-142.581
-99.787
-127.670
-193.600
-147.874
-127.343
-163.663
-84.479
-119.668
-27.681
40.386
47.708
-4.958
6.929
-18.763
-28.997
37.372
-39.601
-14.589
49.028
-49.101
82.602
-9.958
79.166
-21.706
-5.152
39.501
-24.861
49.031
127.553
182.970
73.346
132.171
52.121
100.747
66.471
113.079
77.993
52.532
23.359
57.882
136.415
13.091
102.930
75.221
74.856
0.951
41.187
190.226
80.190
155.730
141.620
175.660
55.928
142.009
136.836
77.141
# ENDDATA