# of pickup customers
50
# of delivery customers
6
# of customers
56
# of tasks
112
# DepotNum
4
# vehicles of depot
13
9
7
9
# stalls of depot
20
11
7
14
# package time
2.440
3.650
3.516
2.491
2.559
3.701
3.271
2.924
3.838
3.952
3.245
2.249
3.325
2.263
2.846
3.323
3.596
3.257
2.297
2.329
2.047
2.819
2.524
2.489
2.137
3.977
2.592
2.259
3.437
3.161
3.657
2.941
2.860
3.788
3.338
2.617
2.651
3.013
2.975
3.383
2.022
2.522
2.362
2.650
3.250
3.421
2.022
3.087
2.580
3.898
3.339
2.110
3.759
3.843
2.962
2.592
# Depot coordinate
98.893
-158.658
-35.882
-165.642
107.748
7.635
6.837
-85.322
# customer coordinate
140.656
127.444
90.205
83.208
136.079
90.211
4.441
62.281
44.525
123.461
105.667
105.461
107.143
116.095
-148.890
-185.368
-252.614
-182.233
-202.413
-98.850
-215.493
-154.672
-123.757
-190.427
-133.064
-225.061
-106.144
-157.368
-56.268
8.531
-93.821
46.171
-12.083
-48.097
-39.337
-74.548
48.033
-29.360
-90.671
19.751
10.249
-10.180
-106.339
-174.125
-85.133
-116.148
-146.109
-136.688
-157.298
-141.271
-78.731
-221.125
-197.900
-202.189
-131.628
-150.614
157.588
70.181
42.472
129.129
23.400
8.910
88.272
104.386
26.087
132.438
145.900
173.110
78.022
49.010
-80.507
55.186
39.439
-27.305
-34.853
-41.554
33.391
62.296
37.737
12.086
-53.070
-54.480
74.439
27.932
-30.585
-1.216
16.691
-11.056
57.382
42.365
-15.719
-15.031
34.503
-67.679
53.740
28.253
78.620
30.266
-98.608
-126.834
-66.699
0.746
-97.189
-133.543
-63.102
-181.954
-104.726
-74.624
-135.666
-45.575
-74.722
-35.819
# ENDDATA