# of pickup customers
7
# of delivery customers
53
# of customers
60
# of tasks
120
# DepotNum
2
# vehicles of depot
25
15
# stalls of depot
37
19
# package time
3.710
3.198
2.215
3.311
3.136
2.820
3.686
3.632
3.738
2.303
3.820
2.119
2.315
3.483
3.540
3.298
2.518
3.991
2.556
3.878
2.197
3.190
3.500
2.703
3.999
3.858
3.999
3.766
2.082
2.629
2.148
2.589
2.394
3.768
3.873
2.923
2.557
3.128
3.606
3.121
2.064
3.693
3.269
3.312
2.860
2.009
2.427
2.094
3.290
2.036
2.608
3.902
3.781
3.317
2.381
2.150
2.691
2.650
3.574
2.540
# Depot coordinate
-25.857
124.945
-6.656
77.420
# customer coordinate
-64.058
-20.379
21.848
1.235
-12.799
-108.130
-37.344
-70.955
-47.120
18.206
-110.157
66.287
26.457
-21.763
-88.497
68.572
-72.243
-17.490
19.380
-58.192
-26.776
-38.809
4.878
-103.782
-99.226
-35.628
-58.117
31.107
-2.978
-95.648
92.069
121.882
139.287
208.109
134.389
203.105
178.022
155.443
38.430
156.159
84.406
58.324
105.930
59.947
86.047
67.626
185.876
106.023
37.459
73.454
105.700
158.001
205.114
72.040
161.418
163.614
143.695
66.465
139.350
116.200
-25.872
28.201
-5.729
-11.837
-57.827
-2.438
-36.681
5.792
-2.763
-89.034
-27.620
-3.807
43.354
77.218
-32.721
-24.608
-61.104
-26.540
17.011
80.515
-80.877
-97.223
86.274
-66.327
23.424
53.593
23.561
-55.418
14.961
62.085
83.446
44.494
92.747
71.933
-9.327
136.963
29.460
67.115
93.034
34.128
42.162
5.580
152.431
33.023
121.281
155.880
100.858
19.957
52.551
105.330
-15.044
13.479
20.947
84.323
-7.046
112.364
126.737
129.828
164.719
131.867
# ENDDATA