# of pickup customers
19
# of delivery customers
14
# of customers
33
# of tasks
66
# DepotNum
2
# vehicles of depot
14
8
# stalls of depot
20
11
# package time
2.281
3.752
2.630
2.294
2.278
2.126
3.587
2.290
2.010
2.595
2.697
2.869
3.566
2.106
3.965
3.048
2.616
3.809
3.035
2.245
2.285
3.908
3.440
2.669
3.253
2.569
3.930
3.994
2.371
3.317
3.345
2.575
2.712
# Depot coordinate
-4.092
127.289
3.987
55.972
# customer coordinate
-11.690
23.978
50.632
16.997
-24.091
-85.596
24.864
-44.361
-72.482
85.951
-86.923
41.311
-0.429
77.052
88.508
-76.751
37.632
85.630
172.202
176.918
70.248
141.203
161.439
147.334
128.649
202.167
148.076
107.761
105.024
116.924
90.436
144.131
157.974
78.398
-81.628
-54.403
52.550
19.513
-7.282
0.037
-9.953
-53.069
28.508
13.517
-14.029
25.299
-48.424
-4.943
40.672
17.799
73.858
48.024
88.904
7.999
102.901
103.544
-6.755
25.447
114.944
64.840
18.676
64.008
-3.442
34.128
140.519
10.251
# ENDDATA