# of pickup customers
33
# of delivery customers
14
# of customers
47
# of tasks
94
# DepotNum
3
# vehicles of depot
15
9
8
# stalls of depot
23
14
12
# package time
3.110
2.947
3.082
3.857
3.274
2.678
2.330
2.419
3.147
2.834
2.665
3.361
2.176
2.172
2.544
3.705
3.620
3.451
2.440
2.025
2.346
3.951
3.505
2.512
3.506
2.372
3.530
2.072
2.267
3.270
2.220
2.702
3.850
2.067
3.042
2.509
2.693
3.799
3.170
2.384
2.687
3.982
2.466
2.191
2.127
2.461
2.031
# Depot coordinate
186.247
108.993
-0.359
-44.337
20.557
-12.050
# customer coordinate
91.845
213.260
268.722
221.850
192.083
161.147
198.811
194.147
143.520
177.697
142.485
214.559
160.280
248.910
285.523
93.166
180.741
109.954
177.192
59.208
44.300
158.994
143.623
122.276
83.166
145.437
67.064
105.187
151.856
127.265
179.747
81.042
24.547
-14.973
-21.816
37.737
15.899
-66.292
23.589
-9.989
10.305
48.492
26.921
66.721
87.176
-52.814
43.664
-41.306
22.043
-83.788
-109.884
-90.592
-81.110
-17.930
-113.368
11.456
-8.194
-107.699
-75.613
-47.543
-73.546
-53.908
-71.444
9.251
52.044
48.751
-11.876
36.965
-44.804
33.871
78.918
42.492
-6.699
100.034
-12.999
62.480
-27.692
77.869
63.428
46.712
10.974
-59.011
26.133
-89.863
48.134
0.154
71.778
23.707
5.601
-21.219
24.775
-38.990
-6.835
-75.084
# ENDDATA