# of pickup customers
41
# of delivery customers
9
# of customers
50
# of tasks
100
# DepotNum
3
# vehicles of depot
14
11
9
# stalls of depot
19
11
13
# package time
2.564
2.675
2.189
2.065
3.881
2.791
2.432
2.173
2.737
2.564
2.621
3.125
3.713
3.520
2.035
2.179
3.214
2.775
2.088
2.303
3.975
2.770
3.798
3.928
3.234
2.438
3.937
2.413
2.785
3.609
2.532
3.314
2.739
2.325
2.259
2.747
2.457
2.491
3.548
3.074
3.628
2.555
3.625
2.420
2.607
3.996
3.530
2.338
3.102
2.460
# Depot coordinate
-98.669
64.395
-3.742
76.631
114.861
7.459
# customer coordinate
-66.194
-121.395
-76.096
-30.018
-48.585
-71.741
-173.990
-134.391
-144.728
-91.757
-88.152
-156.647
-145.459
-93.266
-46.517
-69.896
-63.763
91.857
146.604
-32.247
83.038
43.558
78.025
116.630
8.886
130.884
-3.043
26.840
22.676
-1.410
65.498
141.915
79.356
113.712
31.275
-37.643
31.750
11.820
-56.371
46.032
-45.705
19.121
-17.521
84.499
55.309
-10.230
-85.829
-36.918
-80.892
-24.351
14.902
81.131
120.901
86.483
74.969
37.174
121.478
-16.307
154.945
-2.363
48.826
38.102
5.163
26.161
117.976
67.932
88.657
49.182
97.518
114.590
136.375
128.196
65.703
93.536
194.253
115.840
105.642
73.914
148.895
166.292
213.516
161.058
96.239
144.777
84.262
42.572
-9.175
-37.379
-29.826
-68.371
2.498
45.454
-72.638
-2.287
-30.996
60.797
-46.946
-79.892
-7.866
-11.262
# ENDDATA