# of pickup customers
32
# of delivery customers
4
# of customers
36
# of tasks
72
# DepotNum
2
# vehicles of depot
12
12
# stalls of depot
18
13
# package time
2.314
2.091
3.518
2.315
2.669
2.946
3.019
3.733
3.599
2.425
3.515
2.186
2.652
3.293
3.097
2.472
3.782
2.619
3.136
3.059
3.733
2.075
3.859
3.363
2.412
3.999
2.200
2.544
2.436
2.082
3.773
2.606
2.098
3.202
2.530
3.609
# Depot coordinate
-10.347
-98.947
-121.964
-59.758
# customer coordinate
-3.800
-37.009
12.154
-31.381
32.352
-71.800
-29.214
-67.930
43.452
61.179
-0.006
-24.855
-75.426
24.617
-42.696
-64.450
-91.651
64.441
-42.883
-153.013
-47.804
-59.263
-130.181
-136.820
-32.913
-124.613
-97.192
-95.695
-170.872
-157.594
-112.941
-117.074
-138.155
-93.322
-184.419
-62.397
-153.824
-177.079
-204.670
-107.964
-167.956
-148.794
-210.701
-44.038
-127.895
-142.904
-68.892
-81.531
-90.625
-104.703
-54.109
-127.954
-105.050
-163.344
-124.849
-36.234
-15.470
-47.707
-109.086
-17.335
-64.000
-80.349
-86.279
37.381
-77.887
-98.845
-29.892
-152.644
-60.025
-39.978
-19.542
-118.000
# ENDDATA