# of pickup customers
52
# of delivery customers
9
# of customers
61
# of tasks
122
# DepotNum
2
# vehicles of depot
23
18
# stalls of depot
27
18
# package time
3.878
2.766
2.321
3.960
3.841
3.320
2.154
2.244
3.102
2.876
2.344
3.062
3.736
2.446
3.295
3.537
2.630
3.166
2.989
3.337
2.382
3.108
2.484
2.565
3.887
2.676
3.237
2.436
2.265
2.208
3.142
3.684
2.977
3.606
3.052
3.131
2.538
3.353
3.544
3.324
3.284
2.414
2.614
2.291
2.530
2.890
2.810
2.522
3.274
3.176
2.435
2.980
3.297
2.362
2.053
2.915
3.308
3.442
3.895
2.397
3.194
# Depot coordinate
-21.434
-23.801
20.648
105.114
# customer coordinate
-66.383
-112.174
17.349
4.720
-76.144
-1.041
27.670
-49.712
-54.803
-14.216
-36.315
-64.505
-24.147
-1.285
-47.657
-44.973
42.845
48.086
-98.335
-44.785
-101.005
11.738
-93.414
-14.537
-66.140
46.246
37.211
-19.093
-6.978
35.362
-45.559
-41.204
68.689
-1.709
-16.905
-115.849
38.293
-67.309
26.339
-48.556
44.601
-91.082
-6.716
16.833
-90.096
-49.555
-63.651
-9.059
37.199
-13.481
-34.564
70.698
38.973
-5.407
-42.122
40.951
-20.583
-75.131
-70.948
-91.571
1.268
54.842
55.473
-31.209
-47.203
9.327
89.445
14.338
-68.053
33.426
-29.206
-50.850
84.905
-6.650
18.042
1.775
116.875
-3.447
86.511
25.008
-21.717
-34.738
39.107
-5.999
73.067
-34.888
35.386
-48.142
46.964
-63.992
70.594
69.470
62.406
69.705
108.308
149.667
119.723
42.695
126.651
173.798
139.030
102.192
159.344
42.312
146.004
121.315
100.841
174.308
6.245
157.002
196.426
122.827
115.983
66.409
131.796
196.926
124.590
81.475
44.658
93.157
72.067
82.302
# ENDDATA