# of pickup customers
7
# of delivery customers
20
# of customers
27
# of tasks
54
# DepotNum
2
# vehicles of depot
10
8
# stalls of depot
14
12
# package time
2.694
3.321
3.716
3.630
3.131
2.303
3.867
3.545
3.970
2.464
2.489
2.299
3.120
2.029
2.111
3.446
2.916
3.801
2.974
2.045
3.063
2.578
2.467
3.458
2.490
2.636
2.771
# Depot coordinate
-48.160
-62.370
-7.231
-100.506
# customer coordinate
-37.949
-44.734
-95.812
25.908
-59.385
-141.283
-19.950
-84.523
-11.518
-42.394
-14.842
-108.822
-40.244
36.213
-53.427
-60.968
-84.780
-71.738
-109.878
3.612
-34.744
-3.585
-18.451
-132.208
-128.403
-92.742
-75.097
-84.986
52.666
8.118
-70.736
-28.661
-5.767
-54.229
-54.223
-92.911
-64.727
13.776
58.913
-37.193
-4.258
-18.198
-47.715
-115.799
-160.709
-106.711
-163.664
-86.926
-61.080
-136.044
-47.712
-160.851
-18.333
-191.353
# ENDDATA