# of pickup customers
49
# of delivery customers
41
# of customers
90
# of tasks
180
# DepotNum
2
# vehicles of depot
36
24
# stalls of depot
47
26
# package time
3.349
3.940
2.501
2.913
2.237
2.941
3.867
2.865
2.326
2.896
3.325
2.690
3.451
3.537
3.019
3.096
2.969
3.302
3.571
3.325
3.295
2.840
3.008
3.369
3.487
3.606
3.080
3.296
3.315
3.413
2.513
2.413
2.310
2.439
2.824
3.911
2.750
3.234
3.605
2.209
3.602
3.554
2.744
2.280
2.309
3.846
3.046
3.934
2.571
3.368
3.159
2.427
2.160
2.596
2.865
3.322
3.856
2.486
3.658
3.494
3.746
2.432
3.181
2.682
3.153
2.049
3.515
3.354
3.260
3.809
2.619
2.213
3.290
2.591
3.195
2.144
3.873
2.977
2.292
3.620
2.403
2.101
3.086
2.594
3.935
3.258
3.732
2.693
2.108
2.030
# Depot coordinate
30.150
-182.505
-115.064
41.053
# customer coordinate
84.896
46.530
64.865
7.297
85.021
7.047
-20.077
48.559
104.304
-31.949
-56.725
107.597
0.195
25.251
-28.940
20.199
40.214
14.409
14.039
-5.721
-7.365
58.019
41.562
96.020
60.620
27.530
-16.884
-11.818
28.948
-21.125
-57.525
-21.716
-69.543
106.513
46.141
75.710
9.373
72.446
-30.241
65.659
110.013
-51.284
48.576
81.928
58.418
-280.905
-179.363
-168.662
-221.801
-171.934
-103.220
-205.716
-202.630
-109.343
-200.364
-228.929
-163.062
-224.615
-182.850
-212.890
-162.456
-124.393
-179.720
-260.139
-144.755
-242.871
-207.451
-272.390
-98.533
-164.031
-131.409
-239.208
-220.543
-135.214
-201.510
-255.127
-200.292
-185.234
-142.980
-122.145
-163.681
-245.357
-107.485
-143.988
-221.257
-184.820
-263.107
-131.283
-253.775
-83.934
-181.920
-85.587
-157.030
-126.355
-85.655
-99.075
-50.529
-173.928
-110.878
-134.730
-152.232
-137.351
-75.276
-198.567
-154.777
-55.520
-143.712
-181.614
-21.243
-164.368
-200.466
-126.756
-39.102
-157.461
-104.261
-94.749
-30.275
-114.864
-162.445
-71.929
-73.242
-178.030
-119.010
-53.115
-212.044
-66.939
-212.471
-197.632
-106.354
-46.330
-82.446
-107.144
-63.687
-106.277
-25.579
36.993
67.134
84.310
33.615
17.355
23.871
-25.320
95.673
53.921
-5.296
-47.397
51.821
11.845
109.037
133.010
128.534
-23.748
-23.405
100.412
102.444
49.084
-52.105
69.436
81.237
-39.731
83.049
96.910
56.669
27.168
32.402
11.438
64.057
-44.285
-1.693
116.346
-8.225
-19.165
-12.491
-44.376
113.508
137.498
48.166
58.865
77.964
36.400
# ENDDATA