# of pickup customers
58
# of delivery customers
1
# of customers
59
# of tasks
118
# DepotNum
3
# vehicles of depot
14
13
13
# stalls of depot
20
13
17
# package time
2.690
2.115
2.327
3.552
3.185
2.239
3.796
3.558
3.281
3.989
3.100
3.189
3.181
3.972
2.686
2.809
2.548
2.772
3.151
2.801
3.793
3.543
3.838
2.690
2.387
2.713
3.149
2.905
3.901
2.680
3.639
2.181
3.121
2.432
2.636
2.131
2.404
2.059
3.119
2.970
2.603
3.349
2.520
2.424
2.732
3.492
3.172
3.295
2.918
2.590
2.231
3.820
3.531
2.366
3.598
2.298
2.513
3.733
2.848
# Depot coordinate
-27.227
-164.364
-38.314
-153.004
-80.372
172.607
# customer coordinate
-45.871
5.971
-77.893
-79.327
-84.496
-23.221
-95.413
60.084
8.247
-49.115
-9.772
-21.435
-40.155
-82.790
-55.961
68.166
31.497
19.993
-51.162
6.450
-170.914
-133.371
-155.779
-86.381
-207.638
-206.421
-126.937
-203.295
-177.603
-106.777
-178.835
-99.745
-170.022
-227.164
-148.022
-91.862
-80.260
-193.528
-182.246
-251.231
-76.106
-93.740
-125.961
-23.864
-47.175
-41.497
36.680
9.057
-45.224
1.647
-64.966
31.480
-95.368
-18.697
-90.327
-71.240
-0.525
-23.017
20.108
-173.504
-100.485
-209.851
-158.541
-73.830
-218.277
-127.798
-115.790
-168.469
-68.132
-181.275
-95.176
-130.831
-104.006
-112.200
-157.214
-168.218
-195.532
-203.329
-233.125
-151.911
-99.389
-26.385
-92.638
-25.506
-79.555
-59.623
3.890
-31.170
-85.255
-110.662
-113.075
4.512
-115.612
-157.840
-11.873
-70.469
-48.530
-71.286
-69.859
155.699
223.527
161.957
109.144
206.006
238.683
231.462
139.037
139.683
213.737
80.868
167.821
168.597
157.619
198.114
181.864
245.049
86.438
119.998
# ENDDATA