# of pickup customers
17
# of delivery customers
14
# of customers
31
# of tasks
62
# DepotNum
2
# vehicles of depot
14
7
# stalls of depot
18
10
# package time
2.702
2.041
2.371
3.402
3.520
3.462
3.387
2.812
2.084
2.244
3.015
3.949
3.742
3.081
3.053
2.613
3.979
2.858
3.986
3.720
3.973
2.100
3.225
2.531
2.241
3.713
2.459
2.739
3.858
3.011
2.807
# Depot coordinate
-197.678
59.869
4.321
98.625
# customer coordinate
-115.991
-167.305
-224.809
-214.786
-262.406
-198.618
-190.211
-185.121
-182.552
-240.837
-166.553
-239.080
-118.503
-195.170
-289.765
-121.821
33.570
91.740
133.316
10.253
75.306
71.594
-28.626
14.165
61.151
31.594
46.542
6.628
143.655
67.797
-26.793
-33.381
-56.092
71.863
-20.843
-48.276
-34.078
78.385
-69.186
20.188
-47.272
-5.421
44.989
-8.540
98.941
-24.770
49.645
90.245
137.685
129.006
140.285
74.195
52.916
82.950
75.830
157.164
113.245
22.169
31.843
86.369
178.840
147.699
# ENDDATA