# of pickup customers
48
# of delivery customers
5
# of customers
53
# of tasks
106
# DepotNum
4
# vehicles of depot
15
7
7
7
# stalls of depot
17
8
11
7
# package time
2.543
2.571
3.036
2.848
3.002
3.019
3.803
3.931
2.493
2.147
2.016
2.210
3.311
2.846
3.977
3.894
3.931
2.325
2.641
2.871
3.485
2.560
2.828
3.614
3.746
3.505
2.591
2.294
2.874
2.701
3.297
2.950
3.445
2.559
3.318
2.150
3.327
2.241
3.127
3.252
3.079
2.293
3.987
3.745
3.607
2.286
2.432
3.098
3.629
3.150
3.280
3.025
3.247
# Depot coordinate
13.181
55.919
49.327
-114.699
119.569
-137.815
-4.218
54.632
# customer coordinate
22.130
20.904
25.149
-19.603
-38.368
101.150
-47.650
-12.504
-45.200
-5.682
34.765
3.316
60.395
-40.011
68.742
29.755
3.086
133.358
-30.450
96.092
11.707
34.468
104.057
45.367
-16.569
21.398
120.887
77.290
102.977
68.108
15.645
16.496
77.141
137.470
19.598
-7.139
127.594
28.972
-21.425
69.315
29.986
66.761
-129.378
-29.568
-154.245
-114.578
-70.894
-59.494
-59.854
-182.734
-151.753
-96.995
-147.655
195.071
172.201
136.917
105.678
196.940
130.776
123.146
53.382
44.432
196.275
28.704
97.497
63.392
88.821
-159.973
-205.061
-63.572
-103.380
-175.205
-90.724
-126.136
-230.181
-178.063
-119.668
-123.298
-86.780
-156.818
-210.579
-83.569
18.773
-47.145
32.707
62.065
9.896
-24.606
-17.295
-49.535
7.692
-36.694
82.668
70.637
-55.619
18.036
46.269
144.060
75.440
61.713
100.590
37.666
7.192
64.951
31.152
42.352
# ENDDATA