# of pickup customers
12
# of delivery customers
68
# of customers
80
# of tasks
160
# DepotNum
2
# vehicles of depot
29
25
# stalls of depot
29
26
# package time
2.350
3.018
2.808
2.475
3.529
3.634
2.462
3.068
2.838
3.747
2.269
3.524
2.504
2.139
3.369
3.133
2.676
3.071
3.087
3.105
2.064
2.847
3.830
2.524
2.309
2.373
3.798
2.287
2.873
3.757
3.276
3.104
3.227
3.683
2.438
2.863
2.339
3.302
2.149
2.244
3.398
2.996
3.238
2.151
3.529
3.136
3.671
3.693
3.873
3.349
2.882
2.312
3.930
3.706
2.439
2.147
2.841
3.164
3.735
3.656
3.740
2.728
2.719
2.911
3.231
3.310
3.913
3.741
2.538
3.947
3.306
2.695
3.662
2.822
3.018
3.578
3.398
2.072
3.636
3.396
# Depot coordinate
-58.553
86.186
24.132
-169.334
# customer coordinate
-76.869
-137.668
-72.959
-135.098
-40.431
-78.899
-80.724
-7.348
-114.080
-136.005
-48.198
-50.709
-63.875
-3.909
5.485
-30.709
-59.843
0.858
-113.946
-48.135
-104.659
0.058
-99.360
-8.568
-98.196
-22.791
-93.681
-81.843
-142.845
-125.811
25.535
-37.215
18.741
-125.373
-25.361
33.886
-101.943
-150.558
-7.988
-84.494
58.097
13.669
141.866
82.438
114.371
-6.434
125.122
145.462
127.944
176.274
93.435
148.059
43.321
37.336
111.974
74.933
45.294
99.208
49.036
90.784
2.895
103.150
66.064
143.164
15.570
62.112
68.098
122.987
8.559
73.258
98.564
-8.314
142.878
146.918
70.102
40.365
167.989
84.864
102.759
165.344
38.090
61.952
-17.632
-32.179
62.042
71.989
18.250
44.484
-0.860
-7.927
-24.789
88.551
105.089
-55.271
92.947
24.227
-55.184
-34.868
73.254
0.373
101.506
66.849
-41.358
-1.512
56.667
-32.892
-11.698
-69.329
36.734
95.875
28.150
-47.363
56.546
17.627
84.015
-7.921
22.584
10.070
110.084
120.452
-216.468
-189.125
-178.207
-136.290
-184.001
-157.204
-133.390
-242.474
-157.721
-136.406
-78.147
-95.224
-100.192
-215.175
-206.224
-190.796
-171.179
-153.694
-133.444
-266.106
-121.659
-123.038
-168.188
-122.112
-145.135
-256.271
-108.738
-79.873
-231.623
-82.325
-225.199
-180.745
-143.772
-213.583
-235.487
-238.527
-205.936
-209.241
-100.464
-110.899
# ENDDATA