# of pickup customers
18
# of delivery customers
17
# of customers
35
# of tasks
70
# DepotNum
2
# vehicles of depot
13
11
# stalls of depot
13
13
# package time
3.277
3.095
2.057
3.751
2.013
2.043
2.046
2.059
2.928
3.108
3.493
3.318
2.081
3.285
2.813
3.835
3.725
3.528
3.696
2.153
3.657
2.443
2.431
3.327
3.609
2.738
2.212
3.218
3.272
2.456
2.939
3.494
2.710
2.971
2.914
# Depot coordinate
143.976
-148.601
-51.868
35.455
# customer coordinate
188.220
106.343
147.907
180.564
132.273
116.222
81.498
77.501
203.524
172.755
183.440
120.205
116.463
61.212
133.280
118.023
94.073
231.412
-83.001
-66.237
-120.838
-185.026
-186.205
-216.235
-171.641
-158.827
-207.715
-87.379
-57.348
-155.089
-215.197
-141.326
-121.161
-126.330
-241.704
-21.382
-73.832
-5.511
-42.677
-81.375
-101.529
-94.995
-16.924
-49.642
-8.123
-119.473
-33.373
15.942
-79.433
31.403
-8.502
-32.306
-86.222
-22.061
7.437
-2.124
-26.390
25.986
73.310
-51.486
-2.007
-8.556
95.782
69.996
56.127
94.506
-53.684
50.810
104.697
0.253
# ENDDATA