# of pickup customers
42
# of delivery customers
11
# of customers
53
# of tasks
106
# DepotNum
2
# vehicles of depot
19
17
# stalls of depot
24
18
# package time
2.788
2.582
3.687
3.781
2.699
2.454
3.216
3.191
2.655
2.678
2.473
2.363
2.184
2.602
3.117
2.086
2.618
3.009
3.687
3.501
2.120
3.491
2.714
2.106
2.179
3.998
2.252
2.873
2.489
2.974
2.051
2.920
2.602
2.645
2.996
3.312
3.709
2.873
2.772
2.685
2.981
2.180
2.134
3.870
2.109
3.428
2.907
2.469
2.432
3.321
3.393
2.671
2.633
# Depot coordinate
3.446
-157.996
93.519
3.184
# customer coordinate
39.029
-76.557
-28.219
30.125
-19.078
-91.513
34.198
88.952
67.056
-53.626
14.346
38.103
54.450
5.281
83.762
49.193
67.619
-30.563
7.625
40.407
2.168
-82.107
18.763
-0.664
-13.744
-52.139
-74.468
-159.838
-163.043
-191.618
-185.136
-147.188
-197.495
-140.267
-144.553
-98.220
-142.817
-114.923
-185.551
-96.902
-221.468
-94.432
-192.391
-131.466
-170.902
-230.840
-70.589
-195.819
-84.350
-105.567
-213.664
-62.166
-240.063
112.125
64.948
36.716
92.896
86.753
90.806
68.863
49.261
56.677
64.747
56.702
0.823
96.532
115.137
79.755
157.514
125.400
119.848
158.126
137.692
5.612
44.087
190.493
138.517
169.178
114.732
104.064
72.822
29.927
-64.288
-43.799
49.623
15.177
-93.195
-67.589
-76.086
28.841
-53.794
99.231
-1.526
43.449
-37.602
36.760
-25.754
-19.983
13.900
-30.570
-20.204
61.312
24.550
-9.607
26.469
-38.006
# ENDDATA