# of pickup customers
5
# of delivery customers
40
# of customers
45
# of tasks
90
# DepotNum
4
# vehicles of depot
12
6
7
5
# stalls of depot
12
6
9
6
# package time
2.965
2.985
3.587
3.536
3.527
2.750
2.577
3.815
2.217
2.940
2.526
3.980
2.499
2.346
3.441
2.267
3.958
2.623
2.467
3.171
3.396
3.825
2.208
2.227
2.775
2.319
3.938
3.744
3.682
2.112
3.599
3.621
3.000
2.325
2.871
2.364
2.893
3.856
2.060
3.636
2.423
2.590
3.887
3.873
2.498
# Depot coordinate
15.093
-93.791
61.154
131.803
-10.960
-110.710
-169.032
74.145
# customer coordinate
105.691
92.942
43.206
24.246
-12.361
-27.704
-9.080
57.076
-61.518
-24.937
-75.703
-10.544
-157.975
-40.104
-145.999
-99.867
-73.659
-69.848
-97.931
-118.422
-52.786
-3.294
-72.891
-23.988
-11.074
6.493
44.719
125.881
70.870
129.590
5.446
78.339
130.278
52.945
31.425
97.862
71.356
200.188
83.990
148.894
68.494
126.817
142.716
99.133
168.699
11.142
35.505
-11.134
-47.506
-3.194
-101.228
-30.196
10.489
-43.755
-76.881
-2.091
-55.730
-62.148
-148.763
-99.898
-29.429
-199.237
-105.162
-148.328
-152.720
-55.926
-127.248
-20.006
-136.596
-221.449
-172.878
-141.723
-113.247
-230.419
-229.665
-117.589
-158.299
-136.497
-192.370
-237.944
-185.714
33.011
143.668
0.078
52.724
122.755
133.912
149.211
53.518
140.934
# ENDDATA