# of pickup customers
16
# of delivery customers
37
# of customers
53
# of tasks
106
# DepotNum
2
# vehicles of depot
18
18
# stalls of depot
24
24
# package time
3.522
3.791
3.926
3.972
2.428
3.135
3.380
2.319
3.534
3.172
3.051
2.433
3.590
2.411
2.624
3.555
2.178
2.861
2.334
2.396
3.635
2.093
2.786
2.465
2.647
3.735
2.015
2.292
2.880
2.684
2.535
2.337
2.748
2.648
2.631
3.417
3.072
2.906
3.338
2.150
2.939
2.822
2.901
3.752
2.016
2.036
3.364
3.779
2.531
2.260
2.089
3.424
2.165
# Depot coordinate
55.063
-53.571
-154.004
-85.125
# customer coordinate
121.739
129.469
22.821
95.855
143.741
14.273
-21.233
38.803
118.031
131.847
85.588
33.852
65.652
75.577
96.219
56.693
35.843
15.690
146.710
79.124
-4.864
51.004
63.182
-28.191
6.854
-7.979
18.288
-5.135
-69.962
-13.945
-16.450
-51.011
-111.494
-51.505
20.788
41.393
20.889
-70.386
-99.312
-32.703
-48.749
-11.388
-40.664
-115.299
-37.586
-91.580
-69.751
-62.750
-29.528
-100.586
-88.642
-119.598
27.483
-87.289
-117.466
-230.029
-164.418
-196.743
-77.257
-187.325
-176.124
-156.549
-140.722
-100.703
-147.698
-114.544
-73.075
-232.481
-214.838
-63.107
-199.499
-176.420
-146.361
-233.521
-132.008
-179.974
-148.644
-124.921
-164.861
-160.656
-21.943
-31.717
-144.075
-45.058
-113.570
-86.970
-47.047
-78.033
-103.134
-98.200
10.212
-35.320
-80.560
-142.325
-91.395
12.834
-61.945
-24.013
-130.359
-57.756
-166.505
-100.719
-7.987
-156.611
-111.203
-119.055
# ENDDATA