# of pickup customers
3
# of delivery customers
40
# of customers
43
# of tasks
86
# DepotNum
4
# vehicles of depot
9
7
6
7
# stalls of depot
12
10
7
8
# package time
3.944
2.704
2.918
2.398
3.389
2.772
2.010
3.146
3.744
3.299
3.165
2.805
3.367
2.811
3.803
2.561
3.338
2.680
3.643
2.274
2.753
2.017
2.422
2.547
2.555
3.487
2.965
3.649
3.519
2.558
3.964
2.712
2.599
2.154
3.875
2.414
2.777
3.071
2.136
2.083
2.881
3.837
3.639
# Depot coordinate
5.313
35.858
-27.810
65.634
-21.722
139.301
-104.173
44.136
# customer coordinate
-0.436
-37.879
-71.393
6.817
83.349
95.468
43.457
-68.093
45.657
-8.367
25.422
-22.259
-27.689
84.527
-25.850
85.407
53.686
-18.955
11.500
61.686
-0.138
113.240
-70.130
65.758
-81.781
-42.663
-47.604
-70.343
-16.790
63.730
34.427
10.455
-71.152
-11.000
84.561
57.723
106.383
156.015
56.683
39.842
-2.002
38.086
71.113
-51.447
13.722
-81.839
4.223
-44.159
1.691
-59.816
36.270
27.220
65.872
-39.183
177.130
84.049
146.908
151.864
200.628
155.638
63.858
146.225
126.002
114.052
172.532
-81.964
-96.103
-62.038
-140.739
-46.787
-108.483
-57.102
-127.542
-62.125
-76.035
-162.133
96.460
31.761
-19.146
46.224
42.499
14.754
39.029
28.421
6.493
91.066
# ENDDATA