# of pickup customers
14
# of delivery customers
45
# of customers
59
# of tasks
118
# DepotNum
3
# vehicles of depot
21
10
9
# stalls of depot
30
13
14
# package time
2.390
2.587
3.741
3.292
2.031
3.732
3.269
3.027
2.865
2.694
2.474
2.382
2.146
3.247
3.391
3.963
3.023
3.593
3.907
3.253
3.567
3.236
3.979
2.586
2.649
3.170
2.940
2.235
2.748
3.065
2.186
2.002
2.732
3.292
2.364
2.341
3.457
3.317
3.929
2.475
3.958
3.834
3.243
2.302
2.334
2.473
3.015
3.946
2.511
2.011
3.736
2.002
2.006
2.082
3.674
3.059
2.394
2.236
3.224
# Depot coordinate
-131.052
73.233
-12.355
2.650
109.303
155.859
# customer coordinate
-115.625
-151.446
-155.583
-210.732
-155.285
-63.336
-155.346
-182.765
-85.534
-212.099
-161.069
-66.325
-163.281
-109.964
-185.281
-44.840
-110.382
-137.260
-62.981
-88.925
1.356
134.535
51.576
125.400
141.044
27.031
117.412
46.296
69.820
15.470
9.930
96.715
115.866
82.759
78.508
157.525
142.390
49.355
-22.557
162.605
-14.779
-108.420
-30.076
-15.348
46.538
19.627
20.291
8.738
-49.274
69.548
-84.740
-59.329
-16.042
41.974
-18.621
-74.864
-84.743
-79.749
50.856
-53.150
28.351
58.587
61.709
-36.850
65.596
-85.116
-60.397
74.488
-51.331
1.452
24.622
77.318
12.915
74.084
-40.156
61.018
-19.488
-49.181
-32.480
51.200
66.500
91.061
102.600
161.252
40.225
25.670
69.270
136.181
120.396
89.700
202.549
155.096
32.747
163.172
88.419
45.023
141.350
83.513
112.573
87.976
147.767
180.270
198.786
115.201
171.139
199.013
113.132
163.384
182.513
180.290
133.540
59.283
227.028
118.156
208.546
125.211
102.711
138.162
# ENDDATA