# of pickup customers
15
# of delivery customers
70
# of customers
85
# of tasks
170
# DepotNum
2
# vehicles of depot
37
20
# stalls of depot
38
25
# package time
2.303
2.116
2.249
2.167
2.331
2.072
2.873
3.382
2.483
2.818
2.227
2.897
3.989
2.344
3.111
2.887
3.865
2.609
3.101
2.667
3.003
3.264
3.269
3.590
2.817
2.920
2.578
2.282
3.788
2.671
3.780
2.234
2.387
3.220
2.245
3.978
3.307
2.454
3.388
3.107
2.788
2.243
3.582
2.248
2.351
2.779
2.725
2.457
2.849
3.821
2.220
3.050
2.604
3.500
3.927
2.516
2.728
3.178
3.653
3.624
3.354
3.531
2.410
2.810
3.736
3.353
3.787
2.731
3.922
2.148
2.388
2.469
3.060
2.717
3.471
3.788
3.321
2.488
3.254
3.104
3.519
3.938
2.230
2.229
2.046
# Depot coordinate
45.465
131.592
-12.027
-87.823
# customer coordinate
-11.888
68.519
107.380
33.483
35.402
24.049
63.487
44.943
125.265
78.641
39.323
76.914
76.917
133.876
58.754
97.257
103.501
-44.663
-30.301
55.919
85.515
-26.186
38.445
22.514
101.796
53.257
-36.875
9.775
1.565
15.261
48.661
-25.604
57.005
-15.449
16.100
139.524
-35.370
129.838
83.059
-18.098
-4.232
66.559
90.908
164.287
95.475
150.407
101.121
109.684
200.656
158.931
113.038
203.127
146.805
207.766
121.383
114.235
72.299
137.261
169.797
143.347
98.315
80.163
174.390
59.850
174.710
188.604
63.533
122.081
81.441
140.356
66.485
120.329
174.187
204.049
153.591
76.319
45.818
95.949
227.164
38.242
49.389
164.029
98.268
184.754
210.369
-34.080
-87.636
58.588
-94.375
33.704
-23.254
-25.843
-75.585
-61.851
11.767
7.038
73.209
50.622
3.753
15.558
-40.457
34.211
-32.112
-62.353
68.617
-61.973
17.065
79.757
-53.838
-9.027
-101.679
-3.653
12.855
-50.276
-83.657
-40.250
55.597
39.909
-1.326
50.786
-20.141
37.055
30.328
-17.792
-85.258
52.468
-5.313
-93.205
-131.297
-110.825
-67.663
-90.221
-68.094
-148.169
-180.580
-140.832
-93.324
-23.048
-69.011
-3.458
-161.348
-74.183
-160.394
-106.682
-131.129
-29.441
-131.819
-13.593
-143.783
-48.177
-164.413
-50.746
-34.597
-157.798
-48.274
-93.612
-118.959
-74.206
-34.176
-91.780
-22.528
-38.501
-177.436
-101.258
-112.897
-77.320
-157.099
-49.610
-132.086
-117.294
# ENDDATA