# of pickup customers
48
# of delivery customers
10
# of customers
58
# of tasks
116
# DepotNum
2
# vehicles of depot
20
19
# stalls of depot
23
22
# package time
3.226
2.140
3.949
2.939
3.545
2.594
3.906
2.330
2.037
3.332
3.772
2.022
2.735
2.281
3.478
2.840
3.935
3.426
2.042
2.703
2.166
3.090
3.003
3.485
2.858
2.112
2.258
2.549
3.416
2.475
2.068
3.687
3.024
3.066
2.876
2.844
2.908
3.019
3.988
2.636
2.950
2.621
3.822
2.310
3.659
2.270
2.342
3.275
2.040
3.102
2.122
2.373
3.751
3.785
2.622
3.892
2.123
2.183
# Depot coordinate
-6.038
80.444
22.742
-119.278
# customer coordinate
-35.219
-15.545
8.470
-65.610
78.910
-66.834
-98.112
36.234
-35.632
-41.812
56.462
-14.769
18.991
60.282
-34.738
-80.517
6.545
0.356
-45.895
32.379
-33.429
-59.222
76.491
28.272
-73.546
-95.095
-18.203
62.085
3.791
-6.377
43.184
32.413
60.120
93.441
111.140
117.626
112.756
44.471
148.979
139.467
27.183
90.700
111.051
4.600
46.366
100.765
129.993
157.924
19.041
131.514
176.017
117.301
138.864
86.184
60.499
72.257
158.790
91.802
-19.743
83.280
-15.641
88.977
45.041
26.941
24.221
6.150
56.696
93.879
21.121
-1.460
20.271
-5.278
114.863
-35.255
98.496
-68.665
6.138
46.426
30.085
53.176
15.223
-55.632
69.522
-16.162
-39.185
88.914
-40.372
-138.305
-121.415
-81.755
-56.291
-206.350
-47.877
-118.375
-69.565
-142.406
-183.788
-133.573
-184.650
-185.624
-92.804
-179.316
-212.909
-157.077
-156.530
-142.691
-155.431
-55.972
-127.021
-186.685
-111.655
-95.971
-95.975
-200.337
-71.052
-37.865
# ENDDATA