# of pickup customers
6
# of delivery customers
51
# of customers
57
# of tasks
114
# DepotNum
4
# vehicles of depot
14
7
9
8
# stalls of depot
18
11
14
12
# package time
2.627
2.475
3.003
2.915
3.165
2.475
2.419
2.240
3.250
3.225
2.474
2.005
2.719
2.226
2.851
2.366
2.911
2.340
2.404
3.184
2.857
3.275
3.845
2.331
2.908
2.663
2.885
2.185
2.494
2.135
3.419
3.904
2.133
2.097
2.400
3.791
2.100
2.569
2.115
3.453
3.826
3.172
2.346
3.988
3.413
2.304
2.482
3.418
3.090
2.838
3.705
2.767
3.384
3.039
3.279
2.540
3.305
# Depot coordinate
56.743
39.649
71.087
-23.510
-64.508
181.888
47.229
68.248
# customer coordinate
117.479
69.174
78.241
119.072
11.058
34.571
-33.254
100.877
152.910
-7.884
47.246
44.398
95.772
-20.373
0.275
20.836
-13.530
-32.559
113.457
29.193
103.415
52.936
25.675
28.507
89.509
60.898
13.045
75.475
-0.365
122.046
-13.770
18.048
94.443
141.075
-20.038
34.400
17.031
60.512
92.791
118.653
160.860
128.292
72.600
33.207
99.820
31.530
-53.911
-12.666
-39.719
-60.663
-109.853
13.041
-32.386
-79.210
30.507
-111.813
-20.039
-21.054
-17.208
-77.599
-86.782
10.189
-49.901
-29.537
-76.313
-54.925
-92.716
-95.794
-119.852
-33.880
-50.666
-43.327
232.958
219.931
147.453
186.354
117.375
204.962
109.975
196.960
151.380
146.250
162.933
175.578
180.125
195.502
220.661
57.454
32.467
56.634
77.414
77.444
98.644
12.418
-10.939
-20.182
33.335
32.898
108.031
119.729
61.333
8.644
59.140
46.411
98.974
136.221
120.615
108.793
80.151
36.737
51.758
21.736
81.162
129.197
# ENDDATA