# of pickup customers
12
# of delivery customers
14
# of customers
26
# of tasks
52
# DepotNum
2
# vehicles of depot
11
7
# stalls of depot
16
9
# package time
2.699
3.610
3.363
2.525
2.808
2.710
3.150
2.950
3.021
3.676
2.947
2.275
3.492
3.601
3.482
3.045
2.053
3.524
2.790
2.024
2.640
2.398
3.432
2.557
2.819
2.485
# Depot coordinate
72.674
-165.672
-127.800
26.078
# customer coordinate
115.128
1.965
42.106
78.534
132.732
11.485
91.365
-16.711
142.889
64.108
97.118
114.453
32.887
-162.611
-148.396
-188.609
-232.157
-124.018
-123.658
-95.331
-219.960
-175.639
-215.095
-170.356
-252.367
-209.823
-144.642
-114.463
-132.978
-92.805
-96.810
-73.063
-119.881
-95.422
-182.823
-108.721
-31.520
-71.678
-59.742
51.411
-13.045
31.549
-8.140
78.328
-8.553
48.045
65.755
98.295
-21.313
119.712
59.527
103.750
# ENDDATA