# of pickup customers
13
# of delivery customers
21
# of customers
34
# of tasks
68
# DepotNum
2
# vehicles of depot
15
8
# stalls of depot
15
11
# package time
3.866
2.540
3.957
2.497
3.125
3.465
3.663
3.095
2.964
3.639
3.023
3.956
2.037
3.494
2.288
3.850
2.415
2.645
3.022
2.535
2.833
3.525
3.955
3.267
3.986
2.394
3.596
2.452
3.237
3.299
2.876
2.673
3.189
3.447
# Depot coordinate
151.736
-15.127
-104.776
35.306
# customer coordinate
176.860
113.511
204.849
212.722
199.605
118.555
83.949
115.048
182.615
241.961
75.917
209.075
148.978
191.223
120.944
63.231
181.952
36.181
-58.405
-13.749
-53.693
-107.806
61.864
-38.015
-18.875
-109.570
14.888
-39.903
-63.410
-49.289
-0.986
56.259
38.153
10.843
-101.745
-138.935
-35.658
-107.753
-91.606
-99.602
-106.688
-63.043
-177.360
-74.797
-41.099
-150.408
-79.449
-129.108
-188.803
-123.420
-38.787
46.984
96.049
-47.014
10.699
22.201
45.808
64.681
-9.141
60.964
-10.918
44.129
-13.994
123.162
81.621
-17.251
87.055
42.730
# ENDDATA