# of pickup customers
39
# of delivery customers
13
# of customers
52
# of tasks
104
# DepotNum
3
# vehicles of depot
18
9
8
# stalls of depot
22
9
8
# package time
3.027
3.607
2.567
3.279
2.585
2.577
2.900
2.420
3.074
2.713
3.413
2.379
3.787
2.411
3.170
2.513
2.959
3.627
3.690
3.579
3.894
2.467
2.821
3.634
3.530
2.269
3.586
2.790
3.186
3.913
3.515
2.616
2.300
2.210
2.021
3.026
3.920
2.479
2.654
3.075
2.981
2.164
3.194
3.835
3.260
2.702
3.357
3.350
2.573
2.927
3.060
3.864
# Depot coordinate
126.637
126.368
-79.893
-98.954
33.178
98.632
# customer coordinate
137.470
31.919
100.716
102.204
133.130
56.834
109.235
77.653
127.441
84.347
174.249
182.938
67.381
140.833
192.647
60.795
192.253
134.995
82.809
102.115
139.326
87.483
98.882
67.338
137.127
187.245
80.383
198.783
215.797
72.867
174.016
173.370
48.072
144.592
89.183
146.962
-51.534
-26.259
-90.899
-107.767
-110.570
-104.151
-123.855
-145.728
-135.455
-161.608
-179.274
-41.355
-16.075
-67.475
-70.151
-87.971
-179.122
-118.114
-82.878
-110.796
-144.572
-149.972
-148.012
-106.833
-39.028
-145.690
-106.515
-150.939
-22.355
-4.230
-114.818
-54.248
-88.832
-120.038
-0.457
-19.343
70.441
53.539
107.775
59.637
-41.694
75.077
25.169
-1.794
63.657
-27.310
2.190
27.321
7.960
-0.429
78.821
110.648
64.122
130.423
187.271
118.748
29.149
91.037
135.772
118.335
176.277
74.667
88.117
33.893
35.991
5.874
54.317
3.454
# ENDDATA