# of pickup customers
22
# of delivery customers
13
# of customers
35
# of tasks
70
# DepotNum
3
# vehicles of depot
11
7
6
# stalls of depot
16
9
9
# package time
2.041
3.593
3.251
3.041
3.510
2.472
3.284
2.539
2.318
2.993
3.787
3.327
3.717
2.533
3.652
3.730
3.309
3.744
3.063
3.991
3.427
2.256
3.043
2.438
3.043
3.895
3.559
2.694
3.913
3.600
2.620
2.619
3.587
3.245
2.988
# Depot coordinate
70.873
122.241
120.295
-76.885
-151.375
73.436
# customer coordinate
136.261
-23.976
75.369
59.443
47.252
-19.172
15.138
15.194
109.212
63.853
102.033
48.325
25.643
104.961
100.557
140.759
96.220
125.417
138.453
107.770
158.583
67.323
86.451
148.799
60.423
52.896
135.709
94.577
73.155
139.053
85.548
172.093
95.854
118.274
197.794
-67.119
-62.336
-123.557
-105.804
-145.331
-39.661
-82.448
-135.791
-80.269
-39.037
-131.098
-77.498
-142.916
-64.899
-208.108
-166.446
-137.877
-116.113
-200.136
-101.684
-81.299
-185.087
-106.411
-119.335
25.689
54.695
36.381
-20.260
88.810
119.396
32.770
-10.382
152.083
144.772
16.524
# ENDDATA