# of pickup customers
14
# of delivery customers
28
# of customers
42
# of tasks
84
# DepotNum
4
# vehicles of depot
9
7
6
6
# stalls of depot
10
9
7
6
# package time
3.884
3.998
3.980
3.703
3.456
3.847
3.996
3.233
2.783
2.473
3.303
2.145
2.304
3.974
2.369
2.250
3.485
2.678
3.268
2.081
2.681
2.438
2.551
3.565
2.868
2.157
2.402
3.764
2.114
2.828
3.671
3.778
2.776
3.388
3.051
2.343
3.250
2.714
2.248
3.282
2.723
3.697
# Depot coordinate
138.642
24.556
52.587
-23.024
-41.045
-106.068
-16.099
119.676
# customer coordinate
92.294
84.976
141.297
205.674
220.917
90.039
67.269
83.280
43.102
138.663
68.279
74.737
-12.374
29.120
22.729
43.490
44.680
52.267
60.124
29.573
-14.677
-71.417
28.232
125.631
1.535
113.131
-32.430
80.700
64.028
39.484
141.171
67.676
22.889
-23.151
2.435
26.757
-19.243
-118.938
-87.817
70.888
37.677
8.127
11.681
-55.253
-18.081
29.673
-50.371
45.773
-42.947
-79.698
-36.293
-107.496
10.410
-141.874
-75.338
-131.422
-192.707
-37.214
-91.749
-59.335
-117.341
-11.575
-21.833
-106.752
42.572
-15.693
47.216
-76.442
10.902
-56.234
21.682
-38.969
12.921
77.782
-61.812
156.814
210.206
90.207
190.725
146.588
65.239
108.528
152.845
145.040
# ENDDATA