# of pickup customers
64
# of delivery customers
26
# of customers
90
# of tasks
180
# DepotNum
2
# vehicles of depot
34
26
# stalls of depot
36
29
# package time
3.038
2.822
3.328
3.931
3.826
3.131
2.121
2.076
2.609
3.189
2.072
2.151
3.382
2.849
2.866
2.267
3.521
3.850
3.707
2.618
3.494
3.984
3.648
2.670
3.213
3.608
3.509
3.000
2.708
3.975
3.266
2.247
2.719
3.288
2.862
2.423
3.525
3.931
2.281
2.567
3.883
2.138
3.844
3.278
3.139
2.907
3.439
2.170
2.019
3.592
2.731
2.080
3.924
2.961
3.161
3.279
3.545
3.205
3.786
2.635
3.424
2.857
3.116
3.722
3.419
2.771
2.370
2.450
2.655
2.969
3.612
2.090
3.814
2.584
2.647
2.571
3.938
3.602
2.673
2.545
3.682
2.485
2.514
3.354
2.847
2.882
3.514
2.194
3.149
2.279
# Depot coordinate
115.010
-63.371
-43.746
83.631
# customer coordinate
164.678
50.180
72.190
88.789
140.150
136.678
119.484
148.085
169.814
69.423
89.583
99.465
191.600
100.277
179.587
28.530
115.899
202.571
211.313
167.608
135.145
138.307
121.924
92.365
97.855
73.586
74.041
179.612
27.197
107.969
177.732
40.605
151.911
67.488
194.591
47.748
56.284
151.769
68.658
148.403
36.595
70.054
202.337
159.631
47.804
11.399
-97.223
-31.339
-106.492
-82.733
-14.582
-56.743
-34.691
-127.986
-80.853
-83.039
-131.944
-38.050
22.402
-62.182
-36.342
-4.225
-11.923
-36.269
-115.910
-122.619
-87.093
-39.589
-111.576
-57.277
-148.806
-17.480
-149.913
6.577
-54.908
3.425
31.974
-110.173
-68.502
-76.382
-87.755
-151.489
-100.993
-46.083
8.999
-56.308
-131.000
-36.287
31.305
-146.588
-85.126
-84.948
-2.766
-93.822
-50.183
-84.260
-15.493
-27.166
-25.548
-52.101
-54.708
51.548
-83.101
21.788
-2.459
-45.525
-133.435
0.651
-41.590
-61.958
30.102
-112.578
8.195
-14.741
-116.504
-75.949
-108.081
21.635
-87.586
-76.319
-107.466
-12.780
-129.258
-130.329
-63.212
-55.321
11.389
44.381
-26.770
-3.229
18.024
37.797
-20.268
23.730
-110.330
94.894
92.381
21.383
132.156
19.444
106.830
51.919
-3.720
149.512
56.685
154.980
73.974
94.279
33.996
125.831
145.522
162.849
85.082
51.874
101.733
47.426
114.373
117.678
4.240
31.500
51.482
135.239
104.889
21.647
156.598
128.205
58.884
31.368
106.694
-0.168
176.973
81.725
64.255
70.607
56.897
-1.678
21.056
171.742
100.244
128.659
# ENDDATA