# of pickup customers
45
# of delivery customers
7
# of customers
52
# of tasks
104
# DepotNum
3
# vehicles of depot
17
10
8
# stalls of depot
25
14
10
# package time
3.708
2.724
3.985
3.331
3.318
3.829
2.001
2.346
2.617
3.907
3.888
2.598
3.147
2.334
3.842
3.064
3.163
3.242
3.127
2.039
2.755
3.007
2.933
3.325
2.603
2.146
3.977
2.440
2.477
3.843
3.775
2.961
2.462
3.480
3.417
2.632
2.960
3.146
3.594
3.027
3.477
2.551
3.655
2.100
2.975
2.405
2.710
2.658
3.495
2.038
3.074
3.411
# Depot coordinate
14.758
-45.201
99.375
-11.185
-148.089
88.677
# customer coordinate
81.217
-20.610
6.544
99.311
75.025
-27.135
54.528
49.632
-45.259
43.560
82.660
19.790
-55.415
-31.063
58.516
45.255
58.070
-4.956
-24.951
9.123
19.914
-102.529
-19.090
-47.303
-108.917
12.919
-78.672
-130.857
-7.035
-24.139
7.969
-52.596
-106.675
-69.435
-115.160
-28.471
75.466
157.408
106.211
114.989
104.054
98.638
143.937
79.199
65.695
60.125
115.836
154.953
136.255
32.784
50.330
21.845
34.175
43.285
-60.046
19.894
-47.152
-16.034
58.809
37.972
14.523
-16.388
2.147
56.772
-28.426
76.354
5.621
-52.968
-101.247
-105.469
-213.934
-179.077
-159.615
-174.650
-143.726
-116.164
-124.459
-102.527
-223.388
-156.040
-112.474
-190.052
-72.102
-194.266
-72.780
-242.245
-206.978
-98.426
40.337
57.948
54.916
127.104
24.446
147.033
25.433
65.842
3.093
104.131
2.450
157.723
124.200
161.357
56.922
84.598
# ENDDATA