# of pickup customers
5
# of delivery customers
31
# of customers
36
# of tasks
72
# DepotNum
2
# vehicles of depot
15
9
# stalls of depot
19
10
# package time
2.995
3.895
2.924
3.965
3.105
3.507
2.367
3.716
3.849
3.408
2.405
3.806
3.051
3.127
3.335
3.274
3.994
3.313
2.470
3.941
2.493
3.272
3.239
2.746
3.017
2.635
2.948
3.482
2.131
2.101
3.192
3.600
3.297
3.889
3.658
2.559
# Depot coordinate
-130.191
105.690
98.095
-13.055
# customer coordinate
-173.825
-110.199
-94.456
-195.303
-147.134
-82.646
-187.916
-190.362
-76.142
-106.277
-185.412
-127.396
-45.233
-114.016
-110.121
-210.077
-229.227
-157.761
96.925
81.212
131.873
97.455
83.695
56.782
60.874
38.545
173.190
22.551
188.080
56.150
141.477
143.534
27.518
53.880
79.350
128.960
169.189
92.668
42.054
172.214
148.107
137.487
142.352
20.060
52.227
186.293
53.599
143.809
125.359
33.646
117.777
43.263
87.077
97.204
-38.334
30.669
-24.908
46.744
-101.183
-37.446
-73.468
-24.077
-29.680
19.316
-68.525
26.878
7.672
-43.824
46.341
-8.772
-10.398
-60.109
# ENDDATA