# of pickup customers
31
# of delivery customers
10
# of customers
41
# of tasks
82
# DepotNum
2
# vehicles of depot
16
12
# stalls of depot
22
17
# package time
3.095
2.666
3.351
3.791
3.750
3.583
3.534
3.992
3.186
3.722
2.945
2.319
2.845
3.089
3.614
3.397
3.048
3.553
2.797
2.809
3.563
2.538
3.137
2.375
3.013
2.003
2.505
3.319
2.147
2.017
3.475
2.930
2.227
2.862
3.386
3.703
3.305
3.858
3.010
2.963
3.582
# Depot coordinate
-108.483
50.037
-146.560
147.565
# customer coordinate
-164.298
-180.903
-159.540
-78.271
-105.148
-62.731
-110.829
-121.783
-178.418
-156.490
-44.911
-146.723
-84.993
-88.671
-179.202
-58.132
-48.467
-145.725
-114.247
-22.875
-79.277
-8.226
82.252
-12.879
70.569
23.471
34.033
25.530
49.962
51.146
24.065
79.552
86.154
59.324
86.602
48.490
115.553
130.628
-36.530
25.039
-32.463
-79.763
-97.063
-184.919
-152.548
-91.649
-195.773
-171.367
-108.486
-212.035
-215.852
-176.784
-144.062
-197.915
-177.825
-147.635
-109.988
-77.833
-112.432
-66.406
-156.684
-122.761
188.241
215.164
222.395
124.243
176.552
73.315
140.020
95.528
48.093
207.767
84.729
165.282
235.284
65.554
168.921
165.507
205.819
115.725
228.485
191.104
# ENDDATA