# of pickup customers
24
# of delivery customers
10
# of customers
34
# of tasks
68
# DepotNum
3
# vehicles of depot
11
6
6
# stalls of depot
15
7
6
# package time
3.991
3.079
2.733
3.828
3.964
3.619
3.911
3.736
3.509
3.946
2.334
2.239
2.697
2.100
2.348
3.351
2.156
2.802
3.020
3.803
2.243
2.701
2.966
3.096
3.918
2.141
3.738
2.430
2.631
3.064
3.360
3.757
3.764
3.353
# Depot coordinate
15.191
161.753
114.801
-35.354
76.670
-74.121
# customer coordinate
67.141
-75.460
15.033
17.666
-45.733
-8.519
2.294
-79.661
63.604
-14.740
-37.044
54.133
213.139
119.604
137.119
164.742
71.989
173.319
199.880
115.279
207.423
90.993
225.875
184.339
85.341
140.930
150.794
191.435
178.013
188.002
161.805
110.207
91.220
207.478
13.113
-42.977
-60.308
-87.707
21.294
-32.357
-9.118
-17.498
-94.395
-82.831
-40.341
34.921
60.958
92.643
70.331
175.337
86.816
7.328
152.928
-7.111
113.281
50.747
122.276
62.535
-153.190
-88.649
-64.253
-49.765
-29.898
-129.427
-94.287
-110.631
-91.834
-70.501
# ENDDATA