# of pickup customers
57
# of delivery customers
24
# of customers
81
# of tasks
162
# DepotNum
2
# vehicles of depot
30
24
# stalls of depot
44
28
# package time
3.255
3.721
2.309
3.357
3.683
3.121
3.681
2.826
3.238
2.359
3.381
3.595
2.671
2.913
3.444
3.722
3.691
3.010
3.213
3.905
2.790
3.478
2.857
3.199
3.869
2.728
3.852
3.997
2.005
3.694
3.764
2.466
3.464
2.123
2.644
2.030
3.784
3.808
3.553
3.745
2.519
3.271
3.492
2.008
3.028
3.010
2.996
3.106
3.624
3.700
2.769
3.062
2.390
3.887
2.559
3.320
3.551
3.086
2.230
3.523
3.281
3.963
2.689
3.259
2.811
2.165
2.307
2.635
2.876
3.429
3.427
3.433
2.145
2.472
2.568
2.950
3.569
2.029
3.211
3.535
2.529
# Depot coordinate
-4.279
77.852
29.628
-156.887
# customer coordinate
-96.135
57.626
94.885
19.483
35.995
48.911
35.830
-25.779
-14.076
0.431
14.706
-33.566
30.927
60.219
-79.258
-42.484
-86.394
-64.141
43.450
-71.849
-33.593
29.040
-2.008
84.161
78.899
-37.665
-15.386
-103.425
-73.228
-57.011
-41.175
7.875
-16.308
-0.496
-28.588
-3.292
17.002
63.988
93.930
43.955
72.548
78.684
147.716
61.573
22.206
70.184
104.892
60.610
13.818
60.037
35.894
-14.490
74.001
100.811
168.932
27.708
105.616
117.006
93.877
21.408
108.973
137.652
125.894
132.418
39.634
55.230
106.330
6.916
-7.684
129.087
146.341
10.578
71.189
89.819
-8.534
2.372
58.650
127.837
155.269
48.742
152.572
41.680
104.075
17.923
-8.621
24.476
74.146
-28.748
15.320
-49.226
8.471
68.087
42.650
83.284
15.366
-6.310
73.897
73.601
83.183
45.781
-37.458
-17.320
-55.514
-17.639
-7.946
81.462
-48.013
82.701
20.331
28.160
45.937
1.300
104.552
53.539
128.300
124.056
-69.367
47.417
-13.833
43.089
-7.843
38.644
-205.368
-110.268
-185.194
-224.092
-231.137
-100.366
-94.061
-151.431
-125.210
-91.671
-180.987
-110.757
-140.429
-147.269
-197.325
-252.138
-167.590
-67.236
-127.805
-198.247
-139.412
-91.564
-195.087
-175.799
-158.628
-226.178
-173.202
-124.154
-120.573
-229.175
-106.321
-75.474
-179.271
-151.948
-194.036
-208.591
-239.492
-167.179
-240.316
-201.788
# ENDDATA