# of pickup customers
58
# of delivery customers
12
# of customers
70
# of tasks
140
# DepotNum
2
# vehicles of depot
28
19
# stalls of depot
37
23
# package time
3.121
2.404
2.680
3.526
2.403
2.411
2.771
2.773
2.896
2.618
2.460
3.754
2.683
2.534
3.358
2.656
3.918
3.136
3.501
2.232
2.627
3.084
3.096
3.697
2.071
2.756
3.610
2.034
3.316
2.712
3.705
3.654
3.847
2.554
2.793
2.889
2.280
3.465
2.450
3.849
2.596
2.639
2.009
3.611
2.605
2.905
2.510
3.487
2.383
3.058
3.927
3.875
2.269
3.946
3.242
3.327
3.546
2.651
3.876
2.610
3.016
3.544
2.687
2.911
3.553
2.930
2.471
2.540
2.764
2.421
# Depot coordinate
179.176
103.586
17.594
90.256
# customer coordinate
164.191
263.406
223.983
143.704
239.239
141.753
181.254
169.287
200.903
113.424
262.039
212.615
90.197
127.967
184.164
203.713
228.279
164.042
137.240
265.905
134.184
235.773
187.790
203.890
110.118
154.650
91.473
164.182
160.648
237.861
100.449
123.507
266.290
125.358
105.491
68.116
178.575
127.056
43.801
100.130
34.865
68.165
130.459
152.346
43.198
85.918
181.468
100.122
7.849
123.496
55.731
13.315
172.251
103.325
150.389
119.545
75.053
60.693
69.172
154.488
116.375
130.124
105.364
81.399
106.949
146.887
172.499
139.987
145.003
83.393
42.793
11.400
91.160
30.386
31.668
9.426
-10.370
64.637
-24.670
-49.233
36.117
-56.304
15.378
82.973
-53.103
25.565
-9.490
-30.394
64.000
-10.274
-58.902
-40.822
52.870
80.430
7.115
86.768
46.039
-69.007
2.456
76.398
-18.487
33.364
66.367
-26.222
62.171
105.674
105.933
134.541
121.641
39.395
49.487
28.579
102.557
76.121
86.697
125.601
53.767
147.510
61.656
52.772
143.037
98.847
152.211
64.887
133.080
14.757
173.691
66.565
1.858
28.967
163.355
74.884
186.940
53.356
-1.806
52.792
76.532
150.822
11.327
91.173
# ENDDATA