# of pickup customers
13
# of delivery customers
19
# of customers
32
# of tasks
64
# DepotNum
2
# vehicles of depot
12
10
# stalls of depot
15
14
# package time
3.872
3.025
2.580
3.094
3.656
2.581
3.232
2.127
3.365
3.274
3.131
3.337
3.225
2.021
2.427
2.889
3.174
3.559
3.519
2.696
3.855
3.051
3.403
3.431
3.969
3.951
3.846
3.815
3.949
3.141
3.433
2.670
# Depot coordinate
-2.358
167.263
-2.336
-31.359
# customer coordinate
-32.709
-37.717
-26.751
-41.888
-53.180
0.576
22.872
-15.343
-31.880
70.261
30.085
-66.803
-22.557
-72.660
38.151
36.871
138.384
157.382
204.709
246.966
246.702
225.136
152.412
133.807
189.957
163.031
207.754
231.715
71.750
107.926
147.750
195.955
73.869
-53.314
-14.752
53.343
22.324
82.685
18.868
-31.290
16.890
-32.351
89.288
-40.581
-87.140
43.182
-78.470
-33.777
-17.236
53.230
-76.735
-75.358
14.819
-9.981
-125.840
-82.181
-1.122
0.072
46.947
-92.184
-4.720
-46.995
-40.134
22.848
# ENDDATA