# of pickup customers
8
# of delivery customers
50
# of customers
58
# of tasks
116
# DepotNum
3
# vehicles of depot
16
12
11
# stalls of depot
23
13
11
# package time
2.511
3.009
3.986
2.700
3.999
3.781
3.036
3.601
2.816
3.759
3.553
3.466
2.384
2.129
2.095
2.780
3.248
2.607
2.056
3.514
2.143
3.477
2.394
3.418
3.284
3.566
3.168
3.881
3.418
2.215
3.888
3.870
2.898
2.015
2.077
3.295
2.212
2.012
2.898
2.190
2.266
2.658
2.630
2.736
3.309
3.827
3.162
2.331
2.031
3.579
3.005
3.757
3.303
2.574
2.027
2.849
3.220
2.668
# Depot coordinate
96.213
27.545
-77.018
174.903
-70.975
-78.560
# customer coordinate
91.703
45.780
169.720
123.429
144.864
149.939
117.033
113.278
76.767
187.469
39.940
104.023
165.494
66.391
101.030
75.233
171.886
34.233
120.495
83.299
78.992
-55.793
66.575
-15.189
-16.535
44.416
49.103
84.173
70.522
5.697
14.835
30.450
100.979
-35.655
-26.116
13.974
70.163
-4.103
-52.939
99.217
-21.471
-118.668
-114.297
-140.300
-82.551
-54.705
-54.864
-27.054
-100.788
-93.527
-32.250
-71.689
-40.912
-109.918
-62.679
-149.937
-146.364
-101.246
131.371
177.722
159.749
98.647
185.253
94.467
268.619
208.757
250.714
180.442
206.804
150.224
245.667
192.677
249.146
161.406
118.176
116.946
123.466
228.445
-129.194
-119.967
-46.562
-112.356
-48.501
-98.330
-73.834
-74.340
-8.743
-59.266
-90.875
13.892
-91.500
-106.967
-139.055
-22.361
-154.435
-136.142
-88.725
-1.423
-103.796
-42.799
-94.250
-138.839
-105.436
-112.270
-90.257
-80.975
9.215
-61.323
-134.919
-158.202
-53.229
-23.295
-54.594
-56.559
-76.708
-172.580
# ENDDATA