# of pickup customers
34
# of delivery customers
22
# of customers
56
# of tasks
112
# DepotNum
4
# vehicles of depot
15
8
8
7
# stalls of depot
19
12
10
11
# package time
3.626
2.352
3.465
2.826
2.804
3.272
3.522
2.090
2.188
2.445
3.206
2.772
2.848
3.284
3.105
3.409
3.040
2.252
3.011
3.075
2.149
3.535
2.273
2.767
2.343
3.211
2.712
3.459
3.731
2.429
2.570
3.074
2.405
2.673
2.581
2.071
2.370
3.669
3.784
3.082
2.736
3.359
2.277
3.763
2.182
2.086
3.011
2.136
3.998
3.945
2.516
3.202
3.618
3.369
3.993
2.678
# Depot coordinate
0.584
-68.522
169.401
68.783
-2.006
-61.136
-11.759
52.629
# customer coordinate
-33.244
50.638
-15.496
-40.000
-19.713
-11.276
-25.878
9.206
-74.308
9.681
53.599
-41.859
28.390
23.866
-72.801
-165.522
-34.951
-79.635
-46.991
-41.178
-108.516
-72.730
-151.550
-46.289
-96.026
-107.583
-128.632
-42.140
90.254
197.747
143.733
215.492
123.189
147.841
150.409
158.575
121.549
91.320
113.511
173.336
134.867
117.923
87.205
168.264
129.462
94.239
141.618
60.545
144.157
95.815
77.061
121.039
20.346
113.331
-5.897
46.162
-42.735
44.727
-65.920
70.528
61.885
-36.397
16.168
57.600
-11.457
83.377
15.656
-17.348
-2.805
32.701
-17.272
-67.442
-74.612
-108.366
-112.528
-44.600
-16.081
10.410
-35.278
33.895
-60.952
-38.116
-104.648
-8.617
-15.715
-21.918
26.498
-50.646
32.980
-3.044
-34.344
48.344
-56.088
26.186
-87.660
21.311
-81.313
-1.385
84.947
50.094
114.035
131.711
8.304
18.063
74.051
28.322
-16.114
-18.177
15.144
63.263
96.979
144.263
# ENDDATA