# of pickup customers
60
# of delivery customers
27
# of customers
87
# of tasks
174
# DepotNum
2
# vehicles of depot
29
29
# stalls of depot
30
42
# package time
2.827
2.536
2.771
3.816
3.542
3.567
2.640
3.422
3.187
3.695
3.837
3.699
2.912
2.398
3.657
2.837
3.118
3.486
3.801
3.668
2.034
2.914
2.913
3.113
3.542
2.658
2.213
3.683
3.906
2.044
3.107
3.583
2.383
2.091
2.032
3.747
3.184
3.713
2.450
3.081
3.887
3.863
2.297
3.564
2.493
2.700
2.196
3.978
3.366
2.264
2.452
2.511
2.019
2.018
3.228
3.320
2.993
3.818
2.419
3.129
3.823
3.563
3.871
2.224
2.546
2.207
2.759
2.401
3.245
3.195
2.246
2.641
2.566
3.256
3.137
3.055
3.450
3.531
3.079
2.158
3.881
2.563
2.852
3.378
3.638
3.773
2.159
# Depot coordinate
53.559
-82.356
-61.631
76.676
# customer coordinate
73.994
115.449
59.275
73.299
20.582
26.613
102.303
65.224
-17.134
114.084
65.715
5.901
17.971
55.455
99.042
-19.738
-40.899
80.642
27.102
128.168
92.758
101.361
48.743
144.501
-5.868
43.288
77.198
86.279
1.948
22.203
6.768
68.228
41.347
39.295
137.607
115.872
143.130
-24.600
127.522
-1.591
108.486
26.672
-0.901
95.558
-95.534
-43.625
4.548
-56.125
-97.998
-123.947
-144.739
-158.705
-115.659
-15.850
-61.614
-112.133
-95.887
-153.237
-79.170
-31.527
-45.302
-11.956
-19.754
-47.562
-22.837
-173.630
-80.686
-71.992
-110.111
-69.394
-92.642
-136.615
-66.517
-20.693
-124.960
15.019
-151.328
-134.437
-100.880
-146.580
-49.810
-118.237
-104.007
7.115
-58.668
-167.061
-40.663
6.572
-72.726
-138.434
30.123
-94.526
-27.758
-16.505
-158.414
3.623
-33.485
-94.654
-79.806
-131.944
-16.156
-84.219
-106.301
-54.357
-62.690
-68.164
-91.454
-46.377
-130.287
32.689
-49.707
-131.571
-81.768
-125.545
-144.414
22.700
-4.106
-114.686
-46.511
-116.815
-155.215
-28.322
11.227
-70.204
-24.638
-128.805
-27.927
-110.659
-48.157
-60.314
18.126
167.523
7.986
36.380
56.858
143.621
150.656
55.428
14.006
59.022
136.622
89.187
31.410
50.611
109.455
39.202
154.647
36.906
76.066
104.898
126.469
19.557
81.818
103.754
-13.413
-15.790
137.868
16.380
96.120
8.026
44.496
127.022
78.069
81.486
26.183
103.822
132.069
105.379
7.677
82.673
118.859
156.638
129.542
83.961
# ENDDATA