# of pickup customers
23
# of delivery customers
40
# of customers
63
# of tasks
126
# DepotNum
2
# vehicles of depot
21
21
# stalls of depot
23
30
# package time
3.492
3.994
3.990
2.935
2.277
2.754
3.941
2.585
3.299
3.234
2.153
2.213
2.564
2.601
3.729
2.340
2.466
2.853
3.356
3.934
2.997
3.519
3.783
2.989
3.546
3.114
2.156
2.989
2.439
2.434
3.367
2.682
2.819
3.883
3.546
3.084
3.830
2.698
2.625
2.368
3.879
3.190
3.294
3.209
2.152
3.202
3.002
2.143
3.999
3.515
2.303
3.394
2.852
3.751
3.322
2.267
2.846
3.903
3.289
3.041
3.254
3.033
3.171
# Depot coordinate
-30.978
-3.357
139.783
-86.376
# customer coordinate
63.804
3.775
-47.414
34.363
-106.440
12.257
-117.272
12.014
-83.218
-76.231
-42.935
-78.393
-58.938
-87.682
-20.491
39.822
-15.770
-63.044
-20.108
-45.593
-108.839
-32.506
-25.556
-76.075
-107.734
-9.986
-60.789
25.024
-50.263
32.638
22.353
-80.009
-38.110
52.763
39.617
24.065
60.399
-13.915
-38.876
17.766
-51.973
-46.408
-71.647
-93.588
13.907
26.055
-59.351
-23.414
-21.458
-65.368
-24.958
9.443
66.899
64.572
40.804
-75.060
33.381
2.759
81.766
1.264
9.189
-32.160
-41.119
127.247
98.654
108.701
104.673
192.316
141.229
128.276
177.688
176.870
225.085
157.136
68.711
137.385
135.029
101.176
164.422
155.195
186.028
78.031
58.296
79.296
175.662
211.319
152.762
103.377
45.961
89.051
221.147
225.053
131.042
196.920
108.602
-171.475
-55.056
-113.885
-99.179
-94.053
-118.656
-17.581
-71.871
-145.560
-119.127
-23.195
-54.207
-117.360
-143.017
-68.665
-97.203
-32.099
-45.066
-139.913
-44.416
-38.267
-153.525
-37.951
-150.973
-12.967
-23.140
-102.981
-156.140
-176.449
-64.793
-83.662
# ENDDATA