# of pickup customers
11
# of delivery customers
22
# of customers
33
# of tasks
66
# DepotNum
2
# vehicles of depot
11
11
# stalls of depot
11
11
# package time
2.909
2.866
2.981
3.907
2.189
2.685
3.083
3.123
3.190
2.671
2.230
2.646
2.392
2.532
2.648
3.456
2.154
2.306
3.021
3.342
2.341
3.014
2.431
2.500
2.515
2.415
2.589
2.091
2.669
2.196
3.298
3.618
2.573
# Depot coordinate
13.010
-130.692
191.215
-39.680
# customer coordinate
-57.752
-22.522
-72.616
76.630
55.784
-60.625
1.592
-15.908
-54.415
30.547
100.377
24.719
57.002
6.159
3.880
-12.130
-13.075
-41.998
-67.176
-184.006
-133.451
-112.922
-114.515
-190.058
-210.393
-222.028
-198.917
-150.984
-62.020
-169.062
-159.347
-85.516
-109.661
177.675
160.408
160.927
230.174
200.885
125.647
282.822
198.947
255.536
165.703
224.720
223.810
146.313
137.308
164.011
227.283
259.548
-14.147
-61.508
-21.761
5.777
-28.409
-55.761
-100.155
-49.142
-67.880
8.287
-100.863
-41.381
-1.503
-42.005
-30.858
36.108
# ENDDATA