# of pickup customers
24
# of delivery customers
21
# of customers
45
# of tasks
90
# DepotNum
3
# vehicles of depot
13
8
9
# stalls of depot
17
10
14
# package time
3.875
3.063
3.278
2.523
2.607
2.338
2.375
2.003
2.120
2.227
2.883
3.532
3.803
2.874
2.570
3.811
2.579
2.303
3.747
3.426
3.277
2.179
2.065
2.734
2.449
2.553
2.169
3.314
3.046
3.198
2.218
3.867
3.168
3.138
3.719
2.406
3.293
3.135
2.394
3.139
2.650
3.180
2.171
3.662
3.629
# Depot coordinate
-11.413
-50.007
-77.629
-61.922
188.901
18.072
# customer coordinate
-24.368
-55.329
-3.866
23.006
56.531
16.368
-49.612
34.884
-33.850
-0.986
-21.406
42.362
10.478
38.428
59.452
-52.994
-42.935
-144.052
-131.379
-62.023
-5.559
-31.106
-66.904
-123.603
-40.809
-33.849
-5.791
-77.740
-22.161
-13.750
-89.717
-10.964
-63.529
1.305
-41.871
-77.866
-109.569
-161.517
-48.735
-105.978
-125.098
-104.247
-58.441
-30.990
-128.481
5.131
-17.487
-93.625
-103.771
-116.691
-63.999
-54.585
-37.512
-102.256
13.584
-33.766
-75.747
-158.479
8.077
-5.843
271.292
162.708
175.392
204.555
207.141
214.042
230.441
247.328
179.285
115.009
93.785
154.680
275.535
178.247
278.646
-49.029
-55.326
-72.940
7.648
29.515
87.099
-0.367
-0.725
64.227
-67.300
-28.990
28.917
-35.885
-32.927
24.722
# ENDDATA