# of pickup customers
29
# of delivery customers
39
# of customers
68
# of tasks
136
# DepotNum
2
# vehicles of depot
26
20
# stalls of depot
33
30
# package time
2.892
2.956
3.091
3.058
2.291
2.698
2.407
3.772
3.240
3.011
2.354
3.586
3.554
3.652
3.568
2.226
2.940
2.249
3.024
3.273
3.816
3.396
3.677
2.481
3.754
2.021
3.753
3.375
3.246
3.377
3.447
3.263
2.922
3.308
3.760
2.726
3.007
3.905
2.933
2.601
2.100
2.325
3.727
2.002
3.101
2.348
3.090
3.577
3.877
3.895
3.587
2.382
2.749
2.881
3.359
3.969
2.622
3.607
2.590
3.441
3.438
2.023
3.612
2.660
3.227
2.631
2.584
3.788
# Depot coordinate
18.063
-111.119
70.039
-11.438
# customer coordinate
40.148
-47.998
40.966
46.566
109.763
-50.500
51.026
-3.631
44.000
-62.403
19.971
-31.058
-14.745
-29.439
31.237
-2.976
93.940
22.186
-3.019
100.937
81.922
-11.503
-37.521
8.067
-20.095
-37.320
27.253
25.885
64.636
56.883
71.137
-62.854
-76.992
85.841
-135.806
-194.152
-145.083
-163.254
-188.669
-161.651
-76.805
-108.603
-131.538
-135.601
-85.989
-128.741
-113.398
-90.005
-45.746
-59.279
-88.181
-147.563
-121.177
-122.726
-118.002
-49.655
-146.810
-21.446
-185.731
-164.723
-137.855
-69.973
-127.647
-91.906
-71.914
-94.739
-204.899
-164.155
49.958
24.511
-22.916
26.510
100.275
47.367
86.188
66.393
118.880
73.311
10.998
71.854
152.938
101.728
101.040
19.626
31.201
35.183
-26.040
50.768
82.851
117.002
0.124
105.555
37.906
131.460
136.851
166.035
144.396
61.906
44.770
110.648
90.904
104.497
46.655
27.785
-35.620
47.209
4.115
-10.567
-18.279
23.939
74.198
-7.596
-87.970
-52.700
47.580
9.675
1.589
49.988
50.008
22.556
-106.271
-28.530
-85.437
-20.003
-98.805
-0.290
-20.862
-61.786
-70.649
25.015
13.283
-31.694
-40.148
-64.436
-11.535
-82.102
# ENDDATA