# of pickup customers
5
# of delivery customers
41
# of customers
46
# of tasks
92
# DepotNum
2
# vehicles of depot
16
15
# stalls of depot
24
20
# package time
2.315
2.467
2.863
3.075
3.649
3.268
2.562
2.654
3.299
2.019
3.867
3.539
2.451
3.051
2.473
2.996
2.547
2.166
2.591
2.344
3.059
3.615
2.522
3.275
2.378
3.388
2.023
2.883
3.811
2.818
2.644
2.388
3.645
2.232
2.651
2.038
3.292
2.446
3.156
2.236
3.553
3.269
2.299
3.486
2.125
3.506
# Depot coordinate
-19.856
52.486
3.855
145.261
# customer coordinate
33.135
-68.463
-6.367
-32.259
8.075
-102.091
-56.780
1.203
-102.357
41.180
38.791
-16.780
-45.470
-68.152
-35.044
-107.418
61.897
-83.132
-1.042
-19.814
14.180
10.305
-40.316
106.731
111.740
59.802
71.827
18.487
62.259
5.041
114.432
-8.545
133.503
76.847
40.601
35.472
35.010
20.461
105.941
-25.676
-16.799
7.091
13.996
-31.110
90.928
93.264
-9.976
0.054
43.289
70.344
-19.818
-43.355
-67.251
97.699
51.832
30.102
-40.094
-87.518
-19.077
-22.766
-57.206
-5.106
-39.297
70.951
18.177
-27.695
-86.940
71.432
22.390
68.299
162.174
112.914
139.637
203.548
202.618
171.675
90.875
195.556
150.041
174.447
125.971
72.560
159.698
145.237
183.376
109.144
133.254
94.272
114.517
167.340
115.528
227.996
# ENDDATA