# of pickup customers
14
# of delivery customers
68
# of customers
82
# of tasks
164
# DepotNum
2
# vehicles of depot
34
21
# stalls of depot
34
21
# package time
2.552
2.012
3.140
3.264
2.073
2.844
3.164
2.391
3.004
2.071
2.190
2.263
2.833
3.745
2.904
2.867
2.254
3.912
2.639
2.334
2.072
3.248
2.023
3.372
2.327
3.934
3.072
3.280
2.062
2.823
3.392
2.531
2.866
3.586
3.379
2.543
2.253
3.154
2.060
3.292
2.090
3.038
3.788
2.908
3.967
2.287
3.400
2.857
2.647
3.716
2.011
3.579
2.254
3.829
3.548
2.575
3.675
3.953
3.231
2.313
3.555
3.771
3.347
3.406
2.906
2.937
2.714
3.062
2.507
3.740
2.123
3.733
2.659
2.619
2.379
3.745
2.125
2.581
3.659
2.437
3.373
3.832
# Depot coordinate
-121.983
147.702
43.620
33.487
# customer coordinate
-75.146
-136.894
-149.475
-47.074
-145.040
-211.093
-195.061
-55.449
-109.090
-90.163
-143.808
-100.996
-185.266
-144.968
-116.610
-112.190
-131.856
-84.137
-155.344
-184.640
-75.192
-46.865
-171.003
-81.763
-108.430
-207.631
-89.309
-123.566
-189.434
-31.501
-122.862
-24.165
-99.731
-152.857
-172.741
-65.911
-185.931
-35.031
-161.332
-44.940
-165.433
167.709
140.197
226.047
199.098
144.174
169.958
157.999
125.915
189.074
108.428
85.068
178.355
133.146
197.762
174.766
241.042
216.425
227.418
102.189
121.209
95.372
162.142
198.529
82.458
113.775
91.452
196.022
142.520
122.297
126.721
212.879
97.112
226.224
59.704
62.347
175.794
147.265
222.143
58.476
159.688
81.485
57.551
60.463
104.666
59.874
13.838
59.740
43.647
-0.857
75.658
-43.639
40.174
15.512
6.575
-23.019
111.127
-5.273
90.758
85.546
-3.644
-23.298
18.785
106.928
72.742
121.943
129.549
12.324
-9.727
-37.066
115.052
9.484
20.104
44.653
38.566
131.349
35.067
-27.327
92.866
89.889
55.023
35.699
92.281
0.072
57.949
14.751
49.652
6.325
84.801
-26.388
-37.151
-27.549
50.195
-41.096
53.033
93.267
-52.370
20.631
34.838
34.175
-11.884
-25.515
-15.461
79.328
-57.961
15.373
33.581
118.186
106.358
105.289
129.798
23.858
-63.931
90.573
0.916
61.579
-0.637
47.627
118.830
78.232
-31.524
73.160
102.791
56.197
# ENDDATA