# of pickup customers
45
# of delivery customers
10
# of customers
55
# of tasks
110
# DepotNum
4
# vehicles of depot
14
7
7
9
# stalls of depot
15
9
10
10
# package time
2.101
2.465
2.069
2.515
3.291
2.596
2.698
3.262
3.582
3.282
3.105
3.248
2.660
3.673
2.213
2.063
2.841
2.804
3.670
3.172
3.309
3.989
3.222
3.214
3.610
2.674
2.594
3.375
2.595
2.131
2.900
3.908
2.734
2.925
2.047
2.684
3.469
3.999
2.472
2.535
2.469
3.317
3.649
3.134
2.829
3.119
2.813
3.145
2.404
3.293
3.340
2.572
2.587
2.209
3.549
# Depot coordinate
-46.564
-124.651
41.185
57.424
-43.361
102.350
68.251
-43.360
# customer coordinate
3.038
41.911
-28.916
-24.573
-90.317
8.199
-7.117
-86.869
-99.045
6.304
-53.459
16.156
25.141
-84.873
-180.227
-102.094
-58.952
-146.413
-114.261
-131.390
-97.293
-84.348
-163.339
-170.943
-111.908
-31.602
-153.592
-201.340
23.248
38.263
-51.403
29.224
129.211
-4.735
70.275
9.681
129.796
-38.335
83.537
108.376
-11.508
93.845
83.834
58.435
48.693
26.284
-39.629
30.079
83.372
74.119
104.250
29.594
94.709
14.888
142.563
23.692
-70.147
-8.909
-64.052
-124.254
-25.564
-3.757
-91.119
-44.589
-96.213
14.653
-77.451
-111.878
-67.521
122.496
128.348
130.041
74.660
19.033
34.885
90.409
17.278
176.211
57.549
57.564
101.997
98.777
101.356
24.279
-29.537
84.474
51.400
102.046
107.844
27.800
56.129
74.735
53.009
102.088
46.039
32.573
20.671
-8.864
13.248
-11.172
30.767
-31.509
-114.319
-36.492
-71.175
29.840
-28.608
-132.215
-51.379
4.689
# ENDDATA