# of pickup customers
42
# of delivery customers
23
# of customers
65
# of tasks
130
# DepotNum
2
# vehicles of depot
24
20
# stalls of depot
31
24
# package time
2.385
2.675
2.231
3.366
2.405
2.819
3.110
2.862
3.905
3.144
2.623
2.371
3.224
3.554
2.609
3.310
3.155
2.522
2.316
2.744
3.954
3.693
2.565
2.375
2.136
3.412
3.933
3.329
3.718
3.578
2.774
2.463
2.154
3.708
2.293
3.228
2.624
3.733
2.171
2.642
3.632
2.791
2.870
2.284
3.956
2.863
3.691
3.044
3.299
3.456
3.032
3.214
3.593
2.370
2.784
2.853
2.490
2.630
2.541
2.370
3.623
3.625
2.928
2.326
3.491
# Depot coordinate
-109.474
-17.916
-8.400
4.290
# customer coordinate
-72.930
-138.569
-112.042
-56.084
-83.923
-23.729
-175.286
-134.286
-38.074
-110.802
-84.449
-25.731
-207.791
-135.069
-125.901
-82.241
-77.902
-85.583
-87.854
-172.738
-108.556
-50.181
-162.002
-137.549
-189.688
-41.096
-74.589
-135.516
-161.644
-12.012
-57.719
-197.537
-159.588
21.074
-23.407
17.869
-20.227
-36.480
38.308
-51.195
59.759
-47.029
34.957
-55.155
55.920
7.661
-103.663
-75.186
-8.203
3.155
-5.117
-2.890
-7.334
36.326
-30.982
61.997
-56.950
-92.754
33.400
70.519
-18.279
-72.496
-110.951
32.750
17.827
32.820
-1.894
-76.786
-41.085
-12.345
12.914
-31.711
-64.125
55.617
-32.468
-40.548
-51.527
-12.728
53.086
20.393
58.522
79.422
16.318
-88.603
-65.617
69.423
12.361
0.677
-34.917
1.650
-67.920
-69.607
83.643
33.103
-5.445
-9.264
32.331
-83.600
-30.524
57.153
85.899
25.939
-50.271
-45.270
62.354
19.907
-11.377
38.089
86.941
-31.565
41.273
23.480
55.544
77.209
11.797
97.954
-64.981
-20.448
-13.790
77.417
63.875
6.035
-15.970
-72.432
-14.508
-92.390
-34.342
-1.235
16.677
62.823
# ENDDATA