# of pickup customers
30
# of delivery customers
14
# of customers
44
# of tasks
88
# DepotNum
4
# vehicles of depot
10
7
6
7
# stalls of depot
12
8
6
8
# package time
3.575
2.245
2.637
3.754
3.121
3.242
3.300
3.434
3.703
2.809
3.692
3.073
3.448
3.593
3.445
2.480
3.290
2.322
2.111
3.353
2.819
2.813
2.839
2.706
3.885
3.411
3.684
3.336
3.224
3.962
2.044
3.573
3.402
2.290
2.943
2.349
2.803
2.971
3.321
2.923
3.965
2.590
3.411
3.084
# Depot coordinate
71.606
-65.252
-26.295
85.900
112.966
-87.676
142.051
-53.426
# customer coordinate
87.447
116.653
78.093
98.465
36.933
-10.635
110.929
97.716
74.342
96.917
36.374
-91.572
-52.671
-115.448
-126.245
-128.271
-139.361
-25.144
-36.062
26.093
-33.679
-15.666
-70.292
25.666
-16.151
-99.434
0.634
-53.773
-4.103
-85.228
7.696
26.907
-19.237
41.906
141.210
13.179
107.507
46.467
60.722
111.780
85.988
90.289
-4.771
181.054
84.303
93.393
55.042
178.010
168.186
78.238
40.095
133.084
154.332
106.006
58.955
-113.246
-123.088
-83.533
-47.439
-159.536
-108.911
-65.328
-110.018
-62.321
-45.999
-151.365
93.691
126.631
167.612
98.332
136.777
123.478
53.967
189.083
172.068
199.354
106.135
-35.415
-2.101
-99.707
32.153
12.836
-21.984
-82.311
-123.703
-18.083
-17.885
-60.133
# ENDDATA