# of pickup customers
31
# of delivery customers
14
# of customers
45
# of tasks
90
# DepotNum
2
# vehicles of depot
17
13
# stalls of depot
21
14
# package time
2.221
3.967
3.837
3.971
2.402
3.975
2.601
2.315
2.469
3.868
3.736
3.815
3.046
3.308
2.342
3.625
2.676
2.191
3.156
2.028
3.361
2.129
2.315
3.492
3.516
2.759
3.786
3.602
3.010
3.698
3.204
3.326
3.371
3.100
2.753
3.083
2.030
3.347
3.080
3.130
2.188
2.195
2.017
2.781
2.416
# Depot coordinate
-125.750
73.771
66.479
-105.589
# customer coordinate
-121.865
-89.803
-30.225
-110.104
-169.585
-63.851
-147.485
-151.492
-78.670
-173.882
-77.507
-194.780
-132.640
-174.463
-140.260
-217.592
-106.558
-116.912
-169.608
-58.632
-142.692
-208.362
-84.405
76.374
155.590
127.219
41.107
89.579
97.418
-4.561
118.723
41.519
119.772
-5.427
62.914
69.221
46.510
130.114
96.820
61.134
59.421
1.905
92.461
-5.408
66.230
-16.267
91.042
91.644
47.398
51.444
24.304
98.889
38.248
41.738
114.916
129.269
24.048
15.338
22.623
121.406
44.402
108.979
140.811
-11.689
73.533
-15.731
112.224
-5.519
-48.492
-148.974
-122.673
-48.535
-13.855
-93.850
-51.684
-153.481
-129.996
-80.482
-100.673
-197.544
-128.372
-94.103
-184.813
-133.516
-63.919
-161.890
-119.826
-154.345
-146.099
-19.268
# ENDDATA