# of pickup customers
4
# of delivery customers
19
# of customers
23
# of tasks
46
# DepotNum
2
# vehicles of depot
9
7
# stalls of depot
9
10
# package time
3.907
2.182
2.119
2.714
2.602
3.666
3.192
2.338
3.547
3.527
2.388
3.590
3.024
2.030
3.337
2.315
2.805
3.884
3.738
3.026
3.001
2.420
3.741
# Depot coordinate
-6.090
55.011
-108.611
110.001
# customer coordinate
-104.072
-24.020
12.488
-11.490
-28.828
-2.076
66.218
-28.837
27.990
65.124
-43.692
11.351
81.488
89.437
26.979
69.854
8.142
37.458
38.502
26.374
119.625
-9.909
55.531
-127.182
-132.149
-54.393
-64.506
-34.444
-36.995
-99.166
-89.147
-157.977
-42.766
-197.714
-206.629
115.721
88.055
74.482
36.627
91.344
124.346
152.389
107.138
71.727
162.921
138.412
# ENDDATA