# of pickup customers
22
# of delivery customers
38
# of customers
60
# of tasks
120
# DepotNum
3
# vehicles of depot
18
10
12
# stalls of depot
25
15
16
# package time
3.102
3.822
3.798
3.870
2.325
2.846
3.507
3.803
3.721
3.330
2.958
2.171
2.845
3.202
2.506
3.415
2.404
2.470
3.375
2.587
3.602
2.964
2.331
2.253
3.118
3.048
2.410
2.523
3.242
3.409
3.196
3.194
3.451
2.149
2.011
3.702
2.610
2.904
3.484
3.410
3.340
2.107
3.636
3.167
3.320
3.053
2.813
3.584
3.784
3.633
2.198
2.219
2.384
3.112
3.221
2.967
3.976
3.913
2.262
2.763
# Depot coordinate
33.855
-3.398
-150.851
76.790
-89.235
-20.835
# customer coordinate
25.665
-12.718
14.916
20.559
15.717
-32.882
88.929
88.133
12.143
124.873
0.703
75.060
87.674
-55.345
74.109
45.338
12.769
58.460
-6.556
66.249
-1.798
-1.627
78.951
-57.309
41.870
-81.284
-41.905
-12.203
-39.834
-63.224
9.375
-86.862
53.255
64.562
-19.782
84.780
28.265
14.525
68.428
37.105
-168.955
-216.343
-78.778
-202.607
-233.527
-190.531
-115.506
-152.998
-203.643
-150.394
-193.782
-150.401
-63.981
-158.385
-126.274
-189.399
-62.507
-98.149
-158.223
-225.389
147.873
31.369
36.861
-3.055
127.312
108.040
36.463
150.311
103.891
76.945
86.109
101.647
59.735
93.627
12.926
130.564
16.766
41.531
5.836
124.215
-150.774
-117.632
-125.518
-45.305
-103.003
-117.011
-124.469
6.228
-66.804
-93.215
-60.007
-76.836
-160.196
-36.929
-181.125
-87.673
-68.674
-27.914
-69.952
-10.870
46.036
-54.220
-47.350
-23.042
-31.546
70.657
44.942
-73.712
-1.364
57.633
-81.278
-100.375
-15.621
22.199
-24.727
14.740
-65.900
-18.071
-0.604
-83.421
# ENDDATA