# of pickup customers
12
# of delivery customers
86
# of customers
98
# of tasks
196
# DepotNum
2
# vehicles of depot
34
32
# stalls of depot
34
40
# package time
2.102
3.488
2.072
3.515
2.281
2.960
3.025
3.240
3.212
2.101
3.455
2.443
3.227
3.328
2.547
2.547
2.642
3.980
3.603
2.430
3.502
2.717
3.974
3.248
3.364
3.461
3.176
3.064
2.505
2.638
3.970
3.497
3.713
3.881
2.653
2.790
3.047
3.892
3.096
2.176
3.141
3.275
3.664
2.815
2.963
3.709
3.699
3.099
2.702
3.518
3.491
2.244
3.439
3.716
2.673
3.909
3.424
2.398
2.552
3.153
3.974
3.571
2.491
3.962
2.766
3.623
2.939
2.525
2.424
3.395
2.999
2.391
3.338
2.433
3.935
2.180
2.504
2.239
3.098
2.931
2.209
2.629
3.657
3.125
2.382
3.007
2.394
3.842
2.559
3.454
2.839
2.483
2.538
2.398
2.101
2.056
3.528
3.683
# Depot coordinate
-6.251
157.533
-5.597
-10.707
# customer coordinate
-73.374
-27.622
48.253
-20.897
22.300
10.113
51.644
59.829
71.599
1.412
27.733
-97.640
21.961
-25.189
-16.831
-45.147
-60.902
31.046
-28.300
31.894
0.742
-71.017
-12.489
-7.417
-41.681
-99.921
92.797
60.357
-76.939
-3.662
8.072
47.112
-83.507
45.925
34.883
71.608
-55.313
-49.702
-71.893
85.949
44.620
-27.419
71.012
4.462
-45.587
-27.660
-48.062
-93.559
19.882
137.641
121.794
179.323
178.801
206.242
150.395
83.788
191.285
112.623
106.371
135.132
85.793
100.686
108.250
227.718
214.935
103.049
183.144
222.202
70.971
247.103
229.582
149.660
131.193
205.089
220.367
119.120
142.080
173.136
128.443
203.916
94.717
183.992
150.314
205.973
235.902
158.441
173.338
163.347
64.873
180.973
251.930
158.382
129.021
224.549
133.076
156.305
112.537
87.324
29.298
-55.426
-87.538
17.801
-25.052
6.021
19.687
-12.129
-41.088
-76.827
-49.144
-38.900
57.773
86.216
-27.091
-21.660
-76.625
18.863
41.349
-73.106
79.619
-7.170
-92.161
44.901
7.346
-17.616
4.094
-63.020
56.352
-55.103
-103.338
47.170
-58.818
-35.627
-0.782
16.252
-43.855
69.677
-27.504
-14.874
69.952
-8.638
46.737
-34.757
-95.705
64.825
26.839
3.676
88.229
-4.634
8.641
43.457
-40.765
-60.096
-57.766
-26.142
-102.594
-91.840
-7.850
75.701
-60.153
51.803
-49.148
-9.032
63.345
19.699
-2.456
-77.413
13.979
-37.448
-55.888
-84.195
-76.422
5.674
-33.094
33.239
48.288
-86.165
-25.582
-17.567
-81.745
71.904
22.963
32.432
34.912
-33.227
17.622
57.510
-6.340
-62.714
2.168
-109.434
-105.534
17.931
-45.508
76.714
76.621
33.305
# ENDDATA