# of pickup customers
20
# of delivery customers
61
# of customers
81
# of tasks
162
# DepotNum
2
# vehicles of depot
34
20
# stalls of depot
48
24
# package time
3.349
3.332
3.721
2.476
2.386
3.701
3.003
2.796
3.641
2.035
2.106
2.408
2.149
3.846
3.148
2.477
2.040
3.065
3.734
3.271
3.578
2.737
3.898
2.407
3.277
3.893
2.208
3.632
2.513
3.907
2.071
2.860
2.095
2.936
3.271
3.492
3.006
3.606
3.851
3.139
2.067
3.012
3.027
3.619
2.745
2.352
2.871
2.630
2.344
3.997
2.321
3.801
2.481
3.469
2.156
2.323
3.537
2.703
3.532
3.494
3.300
3.650
2.060
3.164
3.836
3.103
2.450
2.812
3.989
2.297
3.022
2.113
2.816
3.334
2.076
3.274
3.928
2.208
2.021
2.053
2.560
# Depot coordinate
131.273
-140.674
-73.508
-42.048
# customer coordinate
109.844
136.058
155.678
87.156
50.193
187.090
76.144
158.979
182.154
162.673
75.280
183.471
79.766
99.192
101.583
46.249
146.978
180.720
128.196
109.529
205.717
136.328
155.527
148.786
195.672
203.795
93.309
178.914
78.876
128.621
88.856
217.305
115.565
170.426
159.688
110.830
35.948
136.584
133.915
68.182
59.929
-137.045
-117.332
-147.220
-157.567
-86.138
-184.832
-110.667
-197.388
-130.630
-136.393
-152.371
-67.026
-200.364
-47.684
-108.289
-113.784
-87.761
-195.352
-77.219
-107.963
-97.443
-80.150
-133.176
-162.081
-170.998
-151.752
-204.071
-201.290
-120.605
-191.785
-74.532
-174.048
-234.906
-211.291
-138.412
-233.283
-162.852
-178.250
-50.414
-127.787
-54.906
-147.203
-64.276
-72.427
-101.645
-131.577
-17.438
-141.756
-51.360
-40.055
-131.942
-14.455
-43.000
-22.912
-89.077
-80.209
-116.378
-97.522
-124.445
12.014
-39.374
-14.455
-8.087
-85.775
-71.531
-91.787
-156.444
-154.549
-91.834
-93.506
0.229
-111.186
-7.059
8.880
-163.027
-135.143
-43.673
6.407
-52.552
-65.230
-30.780
-67.857
-107.427
24.921
-17.889
-77.823
4.674
26.166
-34.433
-1.399
-20.692
-83.445
-84.169
31.247
-43.915
-58.527
-34.026
-103.151
-68.213
-31.588
-2.469
-120.675
25.586
39.702
-103.962
-125.644
-132.359
-114.920
-9.160
-84.076
-95.943
-8.678
-73.842
-47.013
-84.943
-102.554
-26.993
-44.816
42.576
-16.823
-133.558
# ENDDATA