# of pickup customers
4
# of delivery customers
20
# of customers
24
# of tasks
48
# DepotNum
3
# vehicles of depot
7
4
5
# stalls of depot
10
6
8
# package time
2.265
2.414
3.910
3.180
2.318
3.402
3.497
2.691
3.076
3.475
2.719
3.461
2.646
3.891
2.773
3.952
2.336
3.966
2.256
3.102
3.264
3.766
2.881
3.773
# Depot coordinate
-0.184
-56.598
-128.436
-1.031
-110.625
9.138
# customer coordinate
-26.661
-44.433
49.358
21.812
38.129
6.498
19.320
-27.885
-44.119
-14.457
-15.017
-31.732
0.296
-5.913
-75.816
-93.126
-113.324
-63.829
-60.342
-39.763
-122.592
-162.770
-138.986
-147.310
41.237
0.625
30.426
-51.416
-24.719
48.642
-95.995
-12.768
-79.122
-149.097
-174.047
-96.438
-108.335
-29.052
-94.028
-134.756
39.670
44.650
-2.791
3.898
-11.727
37.745
37.067
-9.909
# ENDDATA