# of pickup customers
42
# of delivery customers
4
# of customers
46
# of tasks
92
# DepotNum
3
# vehicles of depot
13
10
8
# stalls of depot
14
15
8
# package time
2.799
2.468
2.556
3.058
2.973
3.222
3.807
3.162
3.324
3.194
3.182
2.694
2.922
2.940
2.334
2.074
2.692
3.955
2.378
2.752
2.877
2.445
3.925
2.138
2.046
3.260
3.755
2.561
2.548
2.240
3.067
3.185
2.237
2.131
3.853
2.144
3.983
2.275
2.087
2.798
2.086
2.606
3.143
2.727
2.704
2.711
# Depot coordinate
-126.302
64.662
-185.869
138.513
1.258
6.348
# customer coordinate
-137.713
-115.937
-149.584
-178.666
-75.102
-131.572
-195.513
-38.463
-219.353
-104.092
-113.624
-79.111
-47.860
-54.993
-165.511
-106.695
42.489
84.634
57.424
-22.309
-13.774
150.213
35.369
128.829
7.100
139.547
2.692
112.113
104.212
60.059
-33.364
138.864
-254.713
-160.161
-176.584
-194.226
-234.037
-165.411
-201.679
-269.213
-119.988
-265.177
-144.993
-191.947
-148.563
-220.793
161.422
89.935
90.033
133.985
162.022
204.053
73.001
108.337
102.851
178.506
122.118
139.264
194.814
129.553
212.003
50.182
-39.735
-39.132
20.613
-44.112
9.809
24.858
5.762
-67.043
-28.798
6.087
54.599
-84.842
-31.702
74.161
-16.474
-42.793
3.663
-55.361
44.130
-64.895
-55.214
-8.004
-8.823
-21.277
27.136
26.693
16.132
87.153
52.346
31.496
# ENDDATA