# of pickup customers
22
# of delivery customers
8
# of customers
30
# of tasks
60
# DepotNum
3
# vehicles of depot
9
5
6
# stalls of depot
12
6
6
# package time
2.010
2.459
3.819
3.640
3.550
2.033
3.382
3.382
3.299
2.081
2.531
2.011
3.435
2.583
2.485
2.492
3.452
2.436
2.872
2.580
3.135
3.566
2.102
3.275
3.373
3.159
2.501
3.356
3.462
3.553
# Depot coordinate
78.435
-4.872
-175.552
-106.245
-111.921
6.401
# customer coordinate
93.983
22.476
126.656
26.458
142.782
57.361
40.303
119.438
76.013
16.039
-66.445
17.200
-94.304
68.202
-57.836
26.120
77.296
28.151
-65.249
-21.916
-144.337
-205.328
-200.872
-170.343
-199.597
-134.319
-136.802
-175.410
-174.512
-89.611
-19.451
-185.065
-107.100
-112.724
-94.307
-48.522
-150.806
-189.618
-82.452
-37.589
-178.961
-105.889
-93.167
-137.796
-93.687
-31.965
-115.518
-73.655
-114.320
-96.058
62.102
36.028
-39.767
-58.985
68.625
88.037
-32.212
45.750
93.055
-44.231
# ENDDATA