# of pickup customers
2
# of delivery customers
30
# of customers
32
# of tasks
64
# DepotNum
3
# vehicles of depot
11
6
5
# stalls of depot
15
9
7
# package time
3.260
2.785
2.168
2.204
2.665
3.044
3.613
2.622
2.481
3.366
2.183
3.210
2.625
2.796
2.398
3.904
2.551
2.063
3.662
3.766
3.288
2.250
2.412
2.181
3.321
3.149
2.602
3.122
3.430
2.759
2.010
3.536
# Depot coordinate
-21.870
32.649
-35.686
7.091
-111.435
155.538
# customer coordinate
-6.203
-56.303
54.665
-8.257
51.368
13.213
1.801
-11.509
-99.619
-44.902
22.186
26.197
110.674
9.015
109.885
-17.578
92.492
35.928
2.246
11.487
103.830
63.941
-49.867
-95.947
-64.706
-10.192
-108.718
-28.707
-34.393
-18.212
-29.915
-75.186
-6.917
18.710
33.605
59.583
-50.904
38.172
-28.635
86.318
-18.725
-1.073
-79.520
-53.269
-147.883
-83.330
-58.180
-32.253
-180.473
-87.674
-159.670
-33.693
-100.516
-75.925
198.744
166.110
240.912
133.241
96.152
197.272
127.537
175.494
79.199
184.931
# ENDDATA