# of pickup customers
42
# of delivery customers
6
# of customers
48
# of tasks
96
# DepotNum
3
# vehicles of depot
13
9
10
# stalls of depot
20
10
15
# package time
3.940
3.547
2.457
2.789
3.716
3.342
2.493
3.944
2.798
3.587
2.639
2.562
3.337
3.273
2.740
2.958
3.493
3.092
2.701
3.242
3.100
3.188
2.551
3.051
3.239
3.535
3.135
2.122
3.690
2.754
2.513
2.257
3.488
2.914
2.216
3.604
3.582
2.999
3.987
2.106
2.399
2.938
2.103
2.838
2.820
2.057
2.185
3.869
# Depot coordinate
54.462
167.355
-108.754
-22.477
31.137
39.199
# customer coordinate
42.968
-27.814
-6.471
81.742
127.128
22.489
24.025
92.098
49.111
63.918
38.548
10.043
124.913
-23.040
105.095
144.607
113.172
190.327
227.597
84.973
140.909
144.281
212.200
221.999
174.952
168.703
120.934
166.791
192.037
167.345
146.074
181.797
-155.572
-126.566
-150.652
-26.498
-174.072
-47.141
-129.387
-56.338
-199.831
-121.575
-148.096
-48.187
-114.268
-140.408
-48.589
-104.959
-40.368
15.816
-40.991
-99.409
30.613
-68.596
-17.840
-12.120
-103.975
67.995
4.279
50.968
4.544
36.765
-59.058
-4.611
-45.204
21.830
-5.384
60.948
19.664
-0.119
60.909
16.922
8.235
56.320
116.626
81.830
70.014
-58.408
-45.215
103.763
28.405
67.055
50.325
85.470
78.403
81.512
28.425
17.795
70.579
-26.059
1.962
-34.979
3.604
-39.617
56.225
-44.302
# ENDDATA