# of pickup customers
55
# of delivery customers
2
# of customers
57
# of tasks
114
# DepotNum
3
# vehicles of depot
16
12
10
# stalls of depot
17
13
15
# package time
3.175
2.600
3.987
2.366
3.802
3.504
3.742
3.018
3.510
3.321
3.785
2.961
3.799
2.027
3.187
3.650
3.353
2.982
2.361
2.738
3.871
3.201
2.594
3.811
3.543
3.805
2.778
3.354
2.987
3.275
2.433
2.237
3.661
3.084
2.923
2.525
3.872
2.411
2.120
2.356
2.792
2.499
3.683
3.402
3.502
3.124
3.913
2.455
2.693
2.310
2.793
3.881
2.002
2.628
3.703
2.928
2.011
# Depot coordinate
41.938
-146.672
-66.150
-51.976
87.944
53.271
# customer coordinate
77.735
74.230
78.444
100.637
79.619
12.070
5.142
100.281
40.157
84.746
27.191
-11.080
-6.620
-5.753
15.437
-33.978
63.172
-33.768
19.365
-114.521
-122.323
-83.087
-182.723
-78.174
-125.518
-163.783
-123.557
-191.646
-76.631
-156.936
-89.863
-132.856
-154.279
-203.572
-168.272
-227.719
-179.653
-146.619
-22.586
-96.062
5.017
-91.237
-156.335
-152.174
-94.073
-100.772
-127.034
-107.934
-49.555
-76.553
-65.225
21.756
-19.736
-130.671
-120.196
-42.949
-58.931
-8.211
-92.718
-54.914
-79.373
-131.238
-0.038
-63.318
6.028
-145.908
37.649
-23.175
-44.946
-99.318
-11.422
-43.530
-42.556
-38.782
-18.291
-95.549
97.973
75.203
105.623
67.764
157.928
121.617
-0.433
31.062
11.161
51.954
59.492
83.492
182.409
118.398
170.058
103.702
109.539
161.476
155.322
4.961
125.161
-13.035
14.757
72.218
9.800
76.931
50.001
20.246
-14.190
-12.789
29.571
98.828
63.735
70.654
72.984
116.493
25.646
118.301
# ENDDATA