# of pickup customers
24
# of delivery customers
30
# of customers
54
# of tasks
108
# DepotNum
4
# vehicles of depot
13
8
6
9
# stalls of depot
13
9
6
14
# package time
2.903
3.981
3.191
2.332
3.718
2.769
2.507
2.425
3.770
2.373
2.532
2.758
3.708
2.956
3.132
3.646
2.158
2.354
3.056
2.916
3.097
2.465
3.351
2.333
3.580
2.420
3.551
2.273
3.657
2.546
2.661
3.264
2.475
3.659
2.462
3.067
2.963
3.568
3.102
2.729
2.041
3.678
3.279
2.157
2.940
2.252
3.781
3.467
3.192
3.215
2.881
2.780
2.883
2.166
# Depot coordinate
3.066
-100.513
-131.072
88.316
-16.169
-63.309
26.312
-125.951
# customer coordinate
-0.832
25.724
-39.389
27.696
-61.327
-58.902
-0.572
-78.408
-96.224
78.110
-38.370
34.341
-33.694
-20.732
-117.521
-86.442
-144.413
-70.822
-97.352
-60.871
-29.907
-15.010
-105.649
-85.414
-123.733
-62.969
-141.026
-84.990
-178.319
-150.750
-64.257
-104.272
-149.529
-179.895
-120.579
-203.809
-170.965
-122.868
-41.370
-170.058
-144.072
-208.741
55.748
35.913
79.240
140.760
151.646
86.775
169.332
61.298
125.403
106.729
24.382
29.695
-97.731
55.281
-54.476
-39.207
-27.104
30.221
30.090
5.997
-15.733
-40.228
-102.399
-96.672
3.588
-14.858
29.864
-143.042
-41.454
-70.663
-98.084
-125.634
-50.458
-82.831
-23.448
22.083
-42.014
-90.981
12.434
-49.554
104.452
19.348
-28.519
60.921
-14.015
-27.433
-7.140
26.955
64.563
91.274
16.537
39.040
94.825
78.075
-171.766
-123.971
-180.349
-76.545
-151.959
-104.528
-134.686
-111.763
-114.939
-174.343
-168.508
-45.639
# ENDDATA