# of pickup customers
46
# of delivery customers
20
# of customers
66
# of tasks
132
# DepotNum
2
# vehicles of depot
26
18
# stalls of depot
32
25
# package time
3.787
3.841
2.045
2.236
3.972
2.960
2.692
2.577
2.583
2.468
3.349
3.789
3.814
3.117
3.082
2.763
2.375
2.559
3.747
3.744
2.151
2.499
3.388
3.518
3.223
2.913
3.013
2.166
3.236
3.894
2.257
3.426
3.135
2.867
3.475
2.683
3.785
3.484
3.760
3.423
3.251
3.294
2.954
2.344
2.143
3.057
2.014
2.865
3.931
3.427
3.650
3.799
2.206
2.129
3.485
2.013
3.240
2.659
3.206
2.175
2.413
3.972
2.528
3.920
3.084
2.888
# Depot coordinate
74.801
-27.801
-98.451
-11.391
# customer coordinate
100.179
145.672
28.832
54.401
77.455
125.936
78.978
168.476
17.079
148.526
-18.000
50.151
46.217
145.800
127.333
104.150
19.260
108.458
119.958
55.707
92.336
32.101
68.274
37.602
35.291
79.845
106.535
116.673
-0.195
70.786
115.697
4.240
59.424
-46.000
65.493
18.173
-81.806
-9.394
-3.062
7.784
-25.605
-74.769
1.775
-47.925
-93.332
-23.313
-66.858
14.340
44.775
-24.898
-59.615
-58.827
-104.275
-104.376
-60.254
39.681
31.455
-24.728
36.377
-77.669
-49.343
15.333
-112.454
-21.973
47.328
69.788
-114.635
-137.331
-66.946
-119.761
-175.004
-127.185
-59.336
-63.972
-156.926
-86.632
-80.886
-84.307
-150.801
-45.118
-179.681
-149.915
-40.894
-80.521
-107.552
-180.838
-44.060
-183.433
-30.698
-26.357
-101.211
-5.314
-177.750
-33.169
-99.834
-146.752
-59.395
-124.420
-7.191
18.492
6.900
-61.846
-64.014
-40.886
-107.782
38.721
42.559
-98.902
-7.586
-11.093
-4.628
-88.166
60.142
11.056
-13.076
-67.873
-58.884
83.647
-41.946
17.237
-85.049
8.015
-46.749
71.166
39.258
-25.276
-41.415
-93.580
39.821
12.800
-64.246
-29.112
# ENDDATA