# of pickup customers
13
# of delivery customers
29
# of customers
42
# of tasks
84
# DepotNum
2
# vehicles of depot
17
11
# stalls of depot
24
15
# package time
2.762
2.675
2.831
3.794
2.599
2.777
3.821
2.974
3.553
3.460
2.048
3.822
2.231
2.666
3.051
2.850
2.584
3.297
2.643
3.266
2.202
2.884
3.644
2.004
2.058
3.053
3.722
2.272
3.204
2.148
2.033
3.268
3.334
2.055
3.719
3.762
3.138
3.594
3.404
3.044
2.089
2.873
# Depot coordinate
176.989
16.630
-69.132
-121.590
# customer coordinate
107.707
262.278
145.737
228.147
166.717
106.657
207.029
228.630
191.528
85.728
179.754
208.382
197.177
102.498
159.936
143.302
168.395
250.735
137.568
222.859
155.088
84.287
-53.696
-73.950
48.381
30.726
54.564
100.793
-5.920
20.080
-8.296
16.873
44.760
76.537
39.136
-31.144
-6.663
30.743
13.886
29.610
59.635
-40.171
-11.421
-89.039
-79.729
-59.257
14.301
-102.970
-123.081
-97.395
-42.642
-93.289
-122.787
-87.672
10.616
-42.304
-17.989
-54.634
-46.597
-63.167
16.753
-20.384
-135.515
-119.917
-101.490
-131.507
-83.153
-170.246
-167.022
-156.252
-147.378
-143.544
-66.404
-219.017
-117.044
-61.078
-39.688
-91.359
-186.245
-93.977
-181.699
-62.247
-101.754
-134.008
# ENDDATA