# of pickup customers
34
# of delivery customers
1
# of customers
35
# of tasks
70
# DepotNum
3
# vehicles of depot
11
7
6
# stalls of depot
14
10
8
# package time
3.258
2.721
3.763
3.914
2.787
2.161
2.651
2.874
2.490
2.133
3.289
3.893
3.905
3.788
3.362
2.170
2.050
3.753
2.245
2.994
2.273
3.819
2.614
2.220
3.494
3.547
2.127
3.543
2.519
2.013
2.864
3.745
2.896
2.917
3.538
# Depot coordinate
-99.546
-6.157
100.376
-45.817
-5.222
-120.489
# customer coordinate
-130.459
-37.560
-174.816
-177.020
-64.724
-78.699
-114.480
-63.984
-111.248
-100.985
-53.057
-139.656
73.292
16.674
-20.696
15.757
-44.724
-4.816
-34.226
2.790
72.018
-98.139
-71.027
-19.307
5.524
71.839
89.686
113.110
135.116
45.025
132.722
138.350
20.147
114.391
163.812
-51.997
-28.956
-76.364
-96.766
-108.518
-19.827
22.218
25.563
-103.873
-65.912
-50.974
1.130
-22.776
84.708
-99.145
-32.214
-0.611
37.191
-56.853
-59.961
50.456
-17.629
9.447
-22.465
-144.913
-147.253
-189.404
-45.724
-112.563
-134.021
-134.070
-90.686
-115.669
-165.672
-61.319
# ENDDATA