# of pickup customers
63
# of delivery customers
30
# of customers
93
# of tasks
186
# DepotNum
2
# vehicles of depot
39
23
# stalls of depot
47
30
# package time
2.645
3.213
2.015
3.191
2.334
3.164
3.483
3.914
3.458
2.493
2.409
3.237
2.143
2.574
3.368
3.878
3.637
3.449
3.685
3.108
3.950
2.200
3.872
3.769
3.701
2.397
2.248
2.696
2.618
3.746
2.737
2.850
2.537
3.075
2.256
3.357
2.059
2.665
2.371
2.887
3.796
3.240
3.877
3.690
3.923
3.043
2.525
2.769
3.794
2.185
3.345
3.645
2.001
3.217
2.988
3.718
2.546
2.681
3.072
2.256
3.249
3.199
2.920
2.850
3.986
2.896
3.019
3.648
2.046
2.088
2.508
2.133
2.360
3.531
3.341
3.236
2.938
3.563
3.975
2.643
3.627
3.906
3.516
3.409
2.995
3.543
3.513
3.463
2.853
3.028
3.858
3.088
3.411
# Depot coordinate
-60.280
125.032
-57.146
-144.414
# customer coordinate
11.570
5.263
-39.179
-105.115
-53.435
-103.688
-83.857
-80.344
-87.819
-82.733
-68.475
-56.878
-121.726
-114.048
-31.121
-31.949
-23.159
-61.429
-34.542
-110.743
-18.918
-41.166
12.613
35.725
-144.485
-47.793
-83.536
-126.471
-128.546
18.517
-101.197
-158.698
-150.729
-2.302
-26.088
-58.836
-1.163
-9.813
-81.919
-134.931
26.217
33.951
-93.078
-59.097
-72.447
-138.268
-105.617
70.232
149.734
112.721
157.326
199.241
102.818
134.753
136.900
123.352
126.499
147.785
99.080
205.706
168.166
35.134
81.528
54.958
38.254
196.080
182.164
156.163
105.705
58.512
162.810
120.005
184.077
84.882
98.875
158.944
120.737
198.587
81.000
90.283
69.807
76.876
180.704
51.813
207.174
183.177
64.455
175.565
144.315
97.719
105.107
217.645
38.101
-42.110
-72.326
-151.972
-87.572
-93.621
-28.341
-79.685
-0.138
-117.993
-58.243
40.267
3.114
-62.206
-137.758
-45.709
-107.485
-16.108
-117.997
5.772
2.190
-74.203
-77.064
5.263
-65.498
-89.429
25.625
-144.857
-24.404
-103.016
-114.360
-50.132
-58.309
-20.287
-17.878
-132.072
-35.597
-107.744
-43.086
-25.793
9.037
-88.833
-35.679
26.973
-145.644
20.330
-45.661
-108.329
-223.450
-234.524
-177.983
-159.412
-124.410
-202.720
-122.091
-174.153
-88.555
-203.358
-51.748
-159.476
-203.373
-57.185
-172.650
-57.341
-139.200
-104.195
-178.404
-73.453
-135.953
-101.432
-168.664
-102.397
-228.455
-203.819
-176.692
-126.204
-205.004
-52.405
-151.614
-199.251
-86.739
-75.623
-129.352
-140.395
-190.162
-90.068
-94.923
-111.879
-172.410
-80.490
-225.414
-65.613
-108.999
-126.993
# ENDDATA