# of pickup customers
37
# of delivery customers
53
# of customers
90
# of tasks
180
# DepotNum
2
# vehicles of depot
35
25
# stalls of depot
40
34
# package time
3.220
2.668
2.929
2.912
3.608
2.788
2.623
3.338
3.304
3.019
3.219
2.291
3.403
2.178
3.854
2.673
2.280
3.427
3.955
2.826
2.002
3.866
3.666
2.641
3.582
2.693
2.884
3.256
2.957
3.013
3.945
2.421
2.245
3.101
3.814
2.138
3.871
3.817
2.402
2.942
3.154
3.200
2.244
2.812
3.390
3.451
3.632
2.739
3.909
3.587
3.450
2.046
3.044
3.791
2.369
2.510
2.667
2.094
3.278
2.741
3.924
2.591
3.292
3.917
3.224
2.119
3.146
2.696
3.406
3.796
3.495
3.431
3.808
3.043
2.176
2.586
3.943
2.010
3.670
3.542
3.021
2.151
2.672
2.799
2.580
2.349
2.973
3.111
2.997
3.863
# Depot coordinate
-87.119
-17.339
-47.056
173.781
# customer coordinate
-138.241
-128.063
-33.073
-115.701
-37.722
-1.365
-8.725
-16.937
-136.583
-45.931
-73.679
-175.559
-83.864
-109.924
-156.236
-19.390
6.111
-69.436
-158.367
-115.656
-83.343
-181.275
-86.598
-115.724
-11.851
-54.080
-49.402
-140.381
-38.856
-51.577
-87.769
-168.443
-112.722
-36.713
-92.502
-66.786
-25.459
-79.094
-109.451
-48.994
-147.626
-96.973
-142.381
-112.313
-64.017
44.969
-63.469
-39.884
12.075
-54.497
46.205
-2.341
-42.485
11.284
36.406
-10.195
-57.657
35.953
-41.497
-66.889
-110.377
-28.591
58.476
-30.972
7.810
-55.045
-82.024
13.936
31.280
66.311
-8.081
-49.381
48.215
-99.345
-12.251
68.267
0.849
-27.861
-20.341
20.493
-114.336
16.587
-81.929
-89.095
78.561
-76.461
80.854
20.258
44.284
-5.527
37.135
-120.946
-62.084
-67.124
17.399
-20.352
-78.351
-109.304
-32.527
-41.590
-89.602
-27.961
-7.162
-33.148
6.687
-46.959
-55.351
20.624
-69.797
-91.289
-70.342
-69.263
-128.523
8.397
18.059
-68.208
-14.118
-79.760
-111.798
35.866
-26.789
-104.523
44.525
-82.744
-99.645
-41.075
-22.426
39.535
-11.177
-135.722
-110.314
22.221
-12.438
-133.681
-112.691
231.334
161.786
201.048
148.910
123.056
120.622
202.208
149.153
179.947
183.097
154.513
100.871
161.558
176.999
207.955
198.003
86.344
159.911
262.006
93.625
252.636
223.150
123.031
91.639
225.798
110.497
222.278
204.787
143.048
226.600
130.048
268.365
106.983
129.746
203.044
170.202
248.910
182.186
107.250
190.343
146.238
163.012
227.612
142.978
248.369
# ENDDATA