# of pickup customers
9
# of delivery customers
37
# of customers
46
# of tasks
92
# DepotNum
2
# vehicles of depot
18
13
# stalls of depot
21
13
# package time
3.526
3.086
3.240
3.104
3.619
2.036
3.293
2.559
3.329
3.085
3.073
3.486
3.445
3.105
3.628
2.709
3.231
2.446
2.450
3.349
2.424
3.523
3.161
2.663
3.645
3.529
2.604
3.760
2.719
3.656
2.196
2.794
2.482
2.997
3.577
3.644
2.268
2.571
3.872
3.977
2.821
3.908
2.184
2.908
3.156
2.908
# Depot coordinate
-3.561
-150.353
-18.727
-122.351
# customer coordinate
3.962
6.842
-43.506
29.538
-30.074
37.068
-80.046
-34.170
-1.286
-64.032
-82.525
-28.285
45.804
-48.353
-51.296
62.956
-15.105
24.222
-12.809
-84.242
86.108
18.799
13.816
-135.010
-167.411
-95.324
-98.386
-202.475
-139.420
-100.587
-137.722
-70.092
-125.780
-115.995
-178.776
-197.494
-148.796
-182.407
-82.677
-165.529
-222.450
-159.898
-95.972
-158.822
-211.200
-198.034
56.886
78.830
69.891
-21.449
-35.208
-62.077
22.695
22.260
37.224
7.021
-20.488
-3.302
1.178
-69.292
-47.779
45.811
-50.885
67.424
-79.913
-74.705
-28.751
13.340
-7.710
-145.066
-152.926
-89.258
-126.575
-67.166
-74.734
-67.898
-42.077
-110.014
-122.445
-171.519
-115.396
-171.121
-99.348
-28.253
-143.843
-175.715
-144.465
-220.694
-187.029
-36.155
-116.654
-44.837
# ENDDATA