# of pickup customers
19
# of delivery customers
23
# of customers
42
# of tasks
84
# DepotNum
3
# vehicles of depot
12
7
9
# stalls of depot
12
8
10
# package time
2.739
3.468
3.200
2.987
3.545
2.182
2.332
2.658
3.498
2.903
3.463
3.601
2.582
2.689
2.088
3.112
2.686
2.600
3.954
3.900
2.130
3.801
3.333
3.448
2.363
2.826
2.285
2.886
3.249
3.517
3.579
2.632
3.322
2.676
2.860
2.066
3.472
3.167
3.237
2.517
2.187
2.085
# Depot coordinate
-13.865
14.429
75.828
191.655
-37.456
33.627
# customer coordinate
-46.232
-49.875
77.024
35.626
13.005
35.932
-6.354
-81.667
-104.238
3.293
11.043
-58.396
-52.545
-29.777
39.027
25.643
-18.750
98.449
-15.528
-32.981
11.325
105.827
-26.094
54.889
86.403
-18.256
-63.734
46.659
59.390
138.331
-17.998
60.804
63.637
10.269
151.323
98.402
40.193
84.065
131.586
91.758
91.826
111.620
182.637
224.024
162.913
209.296
275.915
117.303
129.806
233.441
220.570
167.329
219.250
265.253
150.767
221.943
-70.530
-54.327
-36.092
-77.919
-67.011
29.052
1.489
-56.243
-13.031
-28.103
-94.863
-92.647
-22.699
31.512
92.918
25.405
20.832
125.591
-21.932
-32.022
7.010
41.837
-35.045
62.297
63.187
104.930
-12.454
-25.633
# ENDDATA