# of pickup customers
10
# of delivery customers
33
# of customers
43
# of tasks
86
# DepotNum
2
# vehicles of depot
19
10
# stalls of depot
20
11
# package time
2.218
3.838
3.457
2.584
3.247
3.347
3.869
2.930
3.037
2.233
3.015
3.125
2.737
3.661
3.774
3.034
3.334
2.672
2.080
2.959
2.643
3.353
3.583
3.443
3.816
3.979
2.135
3.295
2.390
2.348
3.204
2.408
3.963
3.749
2.911
3.371
2.239
2.499
2.918
3.458
2.422
3.599
3.874
# Depot coordinate
35.032
-26.084
43.909
-43.004
# customer coordinate
62.885
80.090
58.456
40.600
-47.134
-3.397
85.793
-48.801
27.785
44.619
104.822
29.606
65.846
3.776
42.864
75.634
116.510
-12.469
6.902
82.325
-5.196
-21.432
-53.795
50.599
-107.110
3.644
29.992
-74.129
32.762
-48.674
-17.564
-57.280
-8.705
19.187
-5.538
57.771
-59.985
29.870
-107.300
49.833
-98.045
-67.191
-50.601
-19.664
71.731
30.917
94.560
97.675
54.536
119.921
11.104
63.070
14.899
56.728
120.178
126.950
32.486
-9.278
-3.562
76.177
120.867
79.060
91.706
-15.218
74.923
-14.871
14.757
-71.622
-35.822
35.542
-98.207
-35.199
-47.222
17.816
25.307
-15.804
-13.859
-70.407
-13.288
-73.656
-111.747
-29.513
-97.129
-91.144
-39.279
-106.112
# ENDDATA