# of pickup customers
15
# of delivery customers
67
# of customers
82
# of tasks
164
# DepotNum
2
# vehicles of depot
31
24
# stalls of depot
41
27
# package time
3.540
2.927
2.894
2.599
2.287
2.391
2.483
2.325
2.876
2.102
3.276
2.616
3.673
3.664
2.684
3.031
2.226
3.404
3.189
3.173
2.170
2.427
2.804
3.198
2.087
3.188
3.286
3.633
2.003
3.765
2.278
2.282
3.622
2.275
3.174
3.007
2.703
2.695
3.173
2.023
2.152
3.207
3.567
3.768
3.542
2.158
3.531
2.594
3.264
3.570
3.353
3.027
3.385
3.262
3.651
3.428
2.756
3.998
2.158
3.823
3.968
3.132
2.450
3.621
3.421
2.512
2.662
3.293
2.509
2.694
2.964
3.628
2.342
2.092
2.450
2.550
3.696
3.949
2.272
2.212
3.847
3.381
# Depot coordinate
-125.305
-14.897
-42.280
-50.466
# customer coordinate
-86.992
-183.013
-204.687
-162.860
-79.554
-58.471
-45.760
-205.839
-184.982
-103.507
-121.127
-139.925
-144.440
-141.689
-123.394
-205.746
-109.471
-187.519
-161.614
-91.825
-153.592
-113.840
-165.603
-86.753
-141.866
-80.740
-185.923
-58.642
-118.617
-99.201
-71.953
-138.176
-162.264
-30.636
-183.133
-74.309
-140.649
-121.653
-51.178
-211.531
-63.204
-38.094
35.466
-19.471
39.978
-32.536
13.485
-80.399
-34.931
65.927
-73.171
40.408
-74.516
-3.984
37.522
-97.564
17.038
-93.309
10.131
-71.110
27.688
39.623
-52.262
-4.897
1.433
73.161
-18.264
-27.474
33.368
-60.850
-50.274
-42.041
-48.081
70.502
50.868
8.202
56.829
-55.543
-31.497
13.952
-68.865
-99.379
-102.113
-76.977
16.904
6.721
-46.310
-80.332
14.624
-46.847
-27.695
-25.234
-1.916
-87.097
-35.820
-60.128
-113.120
-86.614
45.374
3.823
-86.717
33.842
-129.664
-84.161
-64.296
14.153
-12.041
-66.998
-106.161
-50.539
27.208
-129.636
-26.575
46.249
-21.402
-35.288
25.603
-2.433
26.287
-62.597
-19.904
-16.657
-118.294
-49.140
-110.467
-6.814
-18.717
-123.185
-99.796
15.834
-79.126
-17.254
-21.835
4.688
-123.227
-121.359
-85.928
-16.118
-28.090
-65.896
-6.592
-50.055
28.365
-134.263
-23.513
-29.173
-64.520
-82.839
-91.544
36.085
-60.131
-69.958
-139.307
-98.684
18.141
-55.195
-40.989
-146.684
-112.925
-1.192
-25.235
44.536
-94.182
-102.327
# ENDDATA